5 5 5 5 5 5 5 5 5 5 5 5 5 5 5 5 5 5 5 5 5 5 5 5 5 5 5 5 5 5 5 5 5 5 5 5 5 5 5 5 5 5 5 5 5 5 5 5 5 5 5 5 5 5 5 5 5 5 5 5 5 5 5 5 5 5 5 5 5 5 5 5 5 5 5 5 5 5 5 5 5 5 5 5 5 5 5 5 5 5 5 5 
-17.4 -17.47 -17.47 -17.426 -17.438 -17.47 -17.454 -17.47 -17.426 -17.431 -17.4 -17.435 -17.432 -17.47 -17.4 -17.47 -17.438 -17.415 -17.438 -17.431 -17.438 -17.426 -17.432 -17.415 -17.438 -17.4 -17.432 -17.435 -17.47 -17.415 -17.454 -17.47 -17.47 -17.432 -17.47 -17.432 -17.435 -17.426 -17.436 -17.435 -17.47 -17.435 -17.435 -17.432 -17.454 -17.435 -17.47 -17.4 -17.4 -17.436 -17.426 -17.47 -17.4 -17.432 -17.4 -17.47 -17.454 -17.4 -17.415 -17.47 -17.4 -17.415 -17.47 -17.47 -17.4 -17.435 -17.4 -17.47 -17.438 -17.436 -17.4 -17.435 -17.4 -17.4 -17.432 -17.432 -17.47 -17.432 -17.4 -17.454 -17.435 -17.415 -17.435 -17.47 -17.435 -17.454 -17.415 -17.415 -17.426 -17.435 -17.47 -17.47 
-4.5888 -3.8761 -3.85988 -3.93916 -4.51212 -3.51931 -4.03487 -3.8761 -3.93916 -4.2674 -4.896 -4.50955 -3.86531 -3.8761 -4.1664 -3.51931 -4.51212 -4.43214 -4.51212 -4.2674 -4.51212 -3.93916 -3.86531 -4.43214 -4.51212 -4.1664 -3.86531 -4.50955 -4.1437 -4.43214 -4.03487 -3.8761 -3.8761 -3.86531 -4.1437 -4.25718 -4.50955 -3.93916 -4.49869 -4.21775 -3.8761 -4.2266 -4.21775 -4.25718 -4.03487 -4.21775 -3.85988 -4.5888 -4.5888 -4.49869 -3.93916 -4.1437 -4.1664 -4.25718 -4.5888 -4.1437 -4.03487 -4.5888 -4.43214 -3.85988 -4.5888 -4.43214 -4.1437 -3.51931 -4.896 -4.50955 -4.896 -3.51931 -4.51212 -4.49869 -4.5888 -4.50955 -4.896 -4.5888 -4.25718 -4.25718 -4.1437 -3.86531 -4.896 -4.03487 -4.21775 -4.43214 -4.50955 -4.1437 -4.50955 -4.03487 -4.43214 -4.43214 -3.93916 -4.21775 -3.51931 -3.8761 
-195.76 -196.25 -88.32 -92.04 -87.05 -89.19 -83.87 -196.25 -92.04 -88.96 -87.83 -196.06 -93.02 3.75 -87.77 -89.19 -87.05 -92.16 -87.05 -88.96 -87.05 -92.04 -93.02 -92.16 -87.05 -87.77 -93.02 -196.06 -88.31 -92.16 -83.87 -196.25 -196.25 -93.02 -88.31 -88.01 3.94 -92.04 -88.05 3.99 3.75 -86.65 3.99 -88.01 -83.87 3.99 -88.32 4.24 4.24 -88.05 -92.04 -88.31 -87.77 -88.01 -195.76 -88.31 -83.87 4.24 -92.16 -88.32 -195.76 -92.16 -88.31 -89.19 -87.83 3.94 -87.83 -89.19 -87.05 -88.05 4.24 3.94 -87.83 4.24 -88.01 -88.01 -88.31 -93.02 -87.83 -83.87 3.99 -92.16 3.94 -88.31 3.94 -83.87 -92.16 -92.16 -92.04 -196.01 -89.19 3.75 
31.5 31.5 31.6 27.6 31.7 31.5 30.7 31.5 27.6 36.4 35.1 35.1 31.5 31.5 27.3 31.5 31.7 33.2 31.7 36.4 31.7 27.6 31.5 33.2 31.7 27.3 31.5 35.1 35.1 33.2 30.7 31.5 31.5 31.5 35.1 31.7 35.1 27.6 35.3 31.5 31.5 27.6 31.5 31.7 30.7 31.5 31.6 31.5 31.5 35.3 27.6 35.1 27.3 31.7 31.5 35.1 30.7 31.5 33.2 31.6 31.5 33.2 35.1 31.5 35.1 35.1 35.1 31.5 31.7 35.3 31.5 35.1 35.1 31.5 31.7 31.7 35.1 31.5 35.1 30.7 31.5 33.2 35.1 35.1 35.1 30.7 33.2 33.2 27.6 31.5 31.5 31.5 
4 4 1.3 1.4 1.3 1.3 1.2 4 1.4 1.3 1.3 4 1.4 -1 1.3 1.3 1.3 1.4 1.3 1.3 1.3 1.4 1.4 1.4 1.3 1.3 1.4 4 1.3 1.4 1.2 4 4 1.4 1.3 1.3 -1 1.4 1.3 -1 -1 1.3 -1 1.3 1.2 -1 1.3 -1 -1 1.3 1.4 1.3 1.3 1.3 4 1.3 1.2 -1 1.4 1.3 4 1.4 1.3 1.3 1.3 -1 1.3 1.3 1.3 1.3 -1 -1 1.3 -1 1.3 1.3 1.3 1.4 1.3 1.2 -1 1.4 -1 1.3 -1 1.2 1.4 1.4 1.4 4 1.3 -1 
12.975 12.045 11.925 12.935 13.885 10.605 12.905 12.02 12.76 10.65 12.49 12.23 10.92 11.845 13.27 10.705 14.16 12.05 14.035 10.475 14.06 12.985 10.895 12.125 13.91 13.545 10.945 11.905 11.395 12.3 12.73 12.12 12.095 11.02 11.595 12.35 11.98 12.735 12.175 12.46 12.095 15.145 12.635 12.575 12.83 12.61 11.975 12.875 12.925 11.925 12.835 11.495 13.47 12.425 13.05 11.57 12.755 13.125 12.225 11.85 12.875 12.35 11.695 10.655 12.615 12.18 12.565 10.58 14.185 12.2 13.15 12.13 12.365 12.9 12.375 12.6 11.52 11.045 12.69 12.78 12.485 12.075 12.155 11.545 12.105 12.655 12.15 12.175 13.01 12.535 10.73 11.945 
3.575 4.225 4.225 4.875 1.625 4.225 5.525 3.9 2.6 4.55 3.25 5.85 3.9 1.625 1.95 5.525 5.2 1.95 3.575 2.275 3.9 5.525 3.575 2.925 1.95 5.525 4.225 1.625 1.625 5.2 3.25 5.2 4.875 5.2 4.225 1.95 2.6 2.275 4.875 3.25 4.875 2.925 5.525 4.875 4.55 5.2 4.875 2.275 2.925 1.625 3.575 2.925 4.55 2.925 4.55 3.9 3.575 5.525 4.225 3.25 2.275 5.85 5.525 4.875 4.875 5.2 4.225 3.9 5.525 5.2 5.85 4.55 1.625 2.6 2.275 5.2 3.25 5.525 5.85 3.9 3.575 2.275 4.875 3.575 4.225 2.275 3.25 3.575 5.85 4.225 5.85 2.925 
-3.8 -3.4 -3.4 -3 -5 -3.4 -2.6 -3.6 -4.4 -3.2 -4 -2.4 -3.6 -5 -4.8 -2.6 -2.8 -4.8 -3.8 -4.6 -3.6 -2.6 -3.8 -4.2 -4.8 -2.6 -3.4 -5 -5 -2.8 -4 -2.8 -3 -2.8 -3.4 -4.8 -4.4 -4.6 -3 -4 -3 -4.2 -2.6 -3 -3.2 -2.8 -3 -4.6 -4.2 -5 -3.8 -4.2 -3.2 -4.2 -3.2 -3.6 -3.8 -2.6 -3.4 -4 -4.6 -2.4 -2.6 -3 -3 -2.8 -3.4 -3.6 -2.6 -2.8 -2.4 -3.2 -5 -4.4 -4.6 -2.8 -4 -2.6 -2.4 -3.6 -3.8 -4.6 -3 -3.8 -3.4 -4.6 -4 -3.8 -2.4 -3.4 -2.4 -4.2 
3.75 3.68 3.69 3.334 3.732 3.68 3.616 3.68 3.334 4.209 4.11 4.075 3.718 3.68 3.33 3.68 3.732 3.905 3.732 4.209 3.732 3.334 3.718 3.905 3.732 3.33 3.718 4.075 4.04 3.905 3.616 3.68 3.68 3.718 4.04 3.738 4.075 3.334 4.094 3.715 3.68 3.325 3.715 3.738 3.616 3.715 3.69 3.75 3.75 4.094 3.334 4.04 3.33 3.738 3.75 4.04 3.616 3.75 3.905 3.69 3.75 3.905 4.04 3.68 4.11 4.075 4.11 3.68 3.732 4.094 3.75 4.075 4.11 3.75 3.738 3.738 4.04 3.718 4.11 3.616 3.715 3.905 4.075 4.04 4.075 3.616 3.905 3.905 3.334 3.715 3.68 3.68 
0.744 0.3975 1.7914 2.04344 2.6133 1.3303 2.14578 0.3975 2.04344 1.55906 2.322 0.5311 1.46544 3.0475 2.358 1.3303 2.6133 2.0124 2.6133 1.55906 2.6133 2.04344 1.46544 2.0124 2.6133 2.358 1.46544 0.5311 1.7967 2.0124 2.14578 0.3975 0.3975 1.46544 1.7967 2.09592 3.3561 2.04344 2.0586 3.38435 3.0475 2.85325 3.38435 2.09592 2.14578 3.38435 1.7914 3.744 3.744 2.0586 2.04344 1.7967 2.358 2.09592 0.744 1.7967 2.14578 3.744 2.0124 1.7914 0.744 2.0124 1.7967 1.3303 2.322 3.3561 2.322 1.3303 2.6133 2.0586 3.744 3.3561 2.322 3.744 2.09592 2.09592 1.7967 1.46544 2.322 2.14578 3.38435 2.0124 3.3561 1.7967 3.3561 2.14578 2.0124 2.0124 2.04344 0.55935 1.3303 3.0475 
7 7 7 7 7 7 7 7 7 7 7 7 7 7 7 7 7 7 7 7 7 7 7 7 7 7 7 7 7 7 7 7 7 7 7 7 7 7 7 7 7 7 7 7 7 7 7 7 7 7 7 7 7 7 7 7 7 7 7 7 7 7 7 7 7 7 7 7 7 7 7 7 7 7 7 7 7 7 7 7 7 7 7 7 7 7 7 7 7 7 7 7 
-16 -16 -16 -16 -16 -16 -16 -16 -16 -16 -16 -16 -16 -16 -16 -16 -16 -16 -16 -16 -16 -16 -16 -16 -16 -16 -16 -16 -16 -16 -16 -16 -16 -16 -16 -16 -16 -16 -16 -16 -16 -16 -16 -16 -16 -16 -16 -16 -16 -16 -16 -16 -16 -16 -16 -16 -16 -16 -16 -16 -16 -16 -16 -16 -16 -16 -16 -16 -16 -16 -16 -16 -16 -16 -16 -16 -16 -16 -16 -16 -16 -16 -16 -16 -16 -16 -16 -16 -16 -16 -16 -16 
-12 -12 -12 -12 -12 -12 -12 -12 -12 -12 -12 -12 -12 -12 -12 -12 -12 -12 -12 -12 -12 -12 -12 -12 -12 -12 -12 -12 -12 -12 -12 -12 -12 -12 -12 -12 -12 -12 -12 -12 -12 -12 -12 -12 -12 -12 -12 -12 -12 -12 -12 -12 -12 -12 -12 -12 -12 -12 -12 -12 -12 -12 -12 -12 -12 -12 -12 -12 -12 -12 -12 -12 -12 -12 -12 -12 -12 -12 -12 -12 -12 -12 -12 -12 -12 -12 -12 -12 -12 -12 -12 -12 
5 5 2.3 2.4 2.3 2.3 2.2 5 2.4 2.3 2.3 5 2.4 -0 2.3 2.3 2.3 2.4 2.3 2.3 2.3 2.4 2.4 2.4 2.3 2.3 2.4 5 2.3 2.4 2.2 5 5 2.4 2.3 2.3 -0 2.4 2.3 -0 -0 2.3 -0 2.3 2.2 -0 2.3 -0 -0 2.3 2.4 2.3 2.3 2.3 5 2.3 2.2 -0 2.4 2.3 5 2.4 2.3 2.3 2.3 -0 2.3 2.3 2.3 2.3 -0 -0 2.3 -0 2.3 2.3 2.3 2.4 2.3 2.2 -0 2.4 -0 2.3 -0 2.2 2.4 2.4 2.4 5 2.3 -0 
-34 -34 -34 -34 -34 -34 -34 -34 -34 -34 -34 -34 -34 -34 -34 -34 -34 -34 -34 -34 -34 -34 -34 -34 -34 -34 -34 -34 -34 -34 -34 -34 -34 -34 -34 -34 -34 -34 -34 -34 -34 -34 -34 -34 -34 -34 -34 -34 -34 -34 -34 -34 -34 -34 -34 -34 -34 -34 -34 -34 -34 -34 -34 -34 -34 -34 -34 -34 -34 -34 -34 -34 -34 -34 -34 -34 -34 -34 -34 -34 -34 -34 -34 -34 -34 -34 -34 -34 -34 -34 -34 -34 
4 4 1.3 1.4 1.3 1.3 1.2 4 1.4 1.3 1.3 4 1.4 -1 1.3 1.3 1.3 1.4 1.3 1.3 1.3 1.4 1.4 1.4 1.3 1.3 1.4 4 1.3 1.4 1.2 4 4 1.4 1.3 1.3 -1 1.4 1.3 -1 -1 1.3 -1 1.3 1.2 -1 1.3 -1 -1 1.3 1.4 1.3 1.3 1.3 4 1.3 1.2 -1 1.4 1.3 4 1.4 1.3 1.3 1.3 -1 1.3 1.3 1.3 1.3 -1 -1 1.3 -1 1.3 1.3 1.3 1.4 1.3 1.2 -1 1.4 -1 1.3 -1 1.2 1.4 1.4 1.4 4 1.3 -1 
32.92 29 28.44 30.68 38.6 21.48 32.04 29 30.68 23.32 32.36 30.52 22.84 29 32.84 21.48 38.6 29.72 38.6 23.32 38.6 30.68 22.84 29.72 38.6 32.84 22.84 30.52 28.52 29.72 32.04 29 29 22.84 28.52 30.92 30.52 30.68 30.6 30.92 29 41.8 30.92 30.92 32.04 30.92 28.44 32.92 32.92 30.6 30.68 28.52 32.84 30.92 32.92 28.52 32.04 32.92 29.72 28.44 32.92 29.72 28.52 21.48 32.36 30.52 32.36 21.48 38.6 30.6 32.92 30.52 32.36 32.92 30.92 30.92 28.52 22.84 32.36 32.04 30.92 29.72 30.52 28.52 30.52 32.04 29.72 29.72 30.68 30.92 21.48 29 
-9.61 -10.1 -10.16 -10.28 -8.88 -11.04 -9.8 -10.1 -10.28 -10.32 -9.32 -9.55 -10.87 -10.1 -10.04 -11.04 -8.88 -9.84 -8.88 -10.32 -8.88 -10.28 -10.87 -9.84 -8.88 -10.04 -10.87 -9.55 -9.8 -9.84 -9.8 -10.1 -10.1 -10.87 -9.8 -9.84 -9.55 -10.28 -9.52 -9.86 -10.1 -8.89 -9.86 -9.84 -9.8 -9.86 -10.16 -9.61 -9.61 -9.52 -10.28 -9.8 -10.04 -9.84 -9.61 -9.8 -9.8 -9.61 -9.84 -10.16 -9.61 -9.84 -9.8 -11.04 -9.32 -9.55 -9.32 -11.04 -8.88 -9.52 -9.61 -9.55 -9.32 -9.61 -9.84 -9.84 -9.8 -10.87 -9.32 -9.8 -9.86 -9.84 -9.55 -9.8 -9.55 -9.8 -9.84 -9.84 -10.28 -9.86 -11.04 -10.1 
-36.05 -36.05 -17.22 -15.12 -17.29 -17.15 -15.89 -36.05 -15.12 -20.58 -19.67 -38.57 -17.85 -1.05 -14.21 -17.15 -17.29 -19.04 -17.29 -20.58 -17.29 -15.12 -17.85 -19.04 -17.29 -14.21 -17.85 -38.57 -19.67 -19.04 -15.89 -36.05 -36.05 -17.85 -19.67 -17.29 -3.57 -15.12 -19.81 -1.05 -1.05 -14.42 -1.05 -17.29 -15.89 -1.05 -17.22 -1.05 -1.05 -19.81 -15.12 -19.67 -14.21 -17.29 -36.05 -19.67 -15.89 -1.05 -19.04 -17.22 -36.05 -19.04 -19.67 -17.15 -19.67 -3.57 -19.67 -17.15 -17.29 -19.81 -1.05 -3.57 -19.67 -1.05 -17.29 -17.29 -19.67 -17.85 -19.67 -15.89 -1.05 -19.04 -3.57 -19.67 -3.57 -15.89 -19.04 -19.04 -15.12 -36.05 -17.15 -1.05 
7.39 6.9 6.84 6.72 8.12 5.96 7.2 6.9 6.72 6.68 7.68 7.45 6.13 6.9 6.96 5.96 8.12 7.16 8.12 6.68 8.12 6.72 6.13 7.16 8.12 6.96 6.13 7.45 7.2 7.16 7.2 6.9 6.9 6.13 7.2 7.16 7.45 6.72 7.48 7.14 6.9 8.11 7.14 7.16 7.2 7.14 6.84 7.39 7.39 7.48 6.72 7.2 6.96 7.16 7.39 7.2 7.2 7.39 7.16 6.84 7.39 7.16 7.2 5.96 7.68 7.45 7.68 5.96 8.12 7.48 7.39 7.45 7.68 7.39 7.16 7.16 7.2 6.13 7.68 7.2 7.14 7.16 7.45 7.2 7.45 7.2 7.16 7.16 6.72 7.14 5.96 6.9 
-3.06 -1.59 -1.32 -0.959999 -6.27 2.55 -2.73 -1.59 -0.959999 0.539999 -3.81 -3.12 2.04 -1.59 -1.71 2.55 -6.27 -1.86 -6.27 0.539999 -6.27 -0.959999 2.04 -1.86 -6.27 -1.71 2.04 -3.12 -2.4 -1.86 -2.73 -1.59 -1.59 2.04 -2.4 -2.31 -3.12 -0.959999 -3.15 -2.28 -1.59 -6.39 -2.28 -2.31 -2.73 -2.28 -1.32 -3.06 -3.06 -3.15 -0.959999 -2.4 -1.71 -2.31 -3.06 -2.4 -2.73 -3.06 -1.86 -1.32 -3.06 -1.86 -2.4 2.55 -3.81 -3.12 -3.81 2.55 -6.27 -3.15 -3.06 -3.12 -3.81 -3.06 -2.31 -2.31 -2.4 2.04 -3.81 -2.73 -2.28 -1.86 -3.12 -2.4 -3.12 -2.73 -1.86 -1.86 -0.959999 -2.28 2.55 -1.59 
24 24 24 24 24 24 24 24 24 24 24 24 24 24 24 24 24 24 24 24 24 24 24 24 24 24 24 24 24 24 24 24 24 24 24 24 24 24 24 24 24 24 24 24 24 24 24 24 24 24 24 24 24 24 24 24 24 24 24 24 24 24 24 24 24 24 24 24 24 24 24 24 24 24 24 24 24 24 24 24 24 24 24 24 24 24 24 24 24 24 24 24 
12.15 12.15 12.16 11.76 12.17 12.15 12.07 12.15 11.76 12.64 12.51 12.51 12.15 12.15 11.73 12.15 12.17 12.32 12.17 12.64 12.17 11.76 12.15 12.32 12.17 11.73 12.15 12.51 12.51 12.32 12.07 12.15 12.15 12.15 12.51 12.17 12.51 11.76 12.53 12.15 12.15 11.76 12.15 12.17 12.07 12.15 12.16 12.15 12.15 12.53 11.76 12.51 11.73 12.17 12.15 12.51 12.07 12.15 12.32 12.16 12.15 12.32 12.51 12.15 12.51 12.51 12.51 12.15 12.17 12.53 12.15 12.51 12.51 12.15 12.17 12.17 12.51 12.15 12.51 12.07 12.15 12.32 12.51 12.51 12.51 12.07 12.32 12.32 11.76 12.15 12.15 12.15 
9.56 9.56 9.52 8.72 10.28 8.68 9.56 9.56 8.72 9.56 10.2 10.2 8.68 9.56 8.68 8.68 10.28 9.56 10.28 9.56 10.28 8.72 8.68 9.56 10.28 8.68 8.68 10.2 10.22 9.56 9.56 9.56 9.56 8.68 10.22 9.56 10.2 8.72 10.2 9.54 9.56 9.56 9.54 9.56 9.56 9.54 9.52 9.56 9.56 10.2 8.72 10.22 8.68 9.56 9.56 10.22 9.56 9.56 9.56 9.52 9.56 9.56 10.22 8.68 10.2 10.2 10.2 8.68 10.28 10.2 9.56 10.2 10.2 9.56 9.56 9.56 10.22 8.68 10.2 9.56 9.54 9.56 10.2 10.22 10.2 9.56 9.56 9.56 8.72 9.54 8.68 9.56 
10.515 10.075 10.005 10.335 11.075 9.135 10.555 10.05 10.16 9.39 10.42 10.39 9.28 9.875 10.38 9.235 11.35 9.99 11.225 9.215 11.25 10.385 9.255 10.065 11.1 10.655 9.305 10.065 9.815 10.24 10.38 10.15 10.125 9.38 10.015 10.14 10.14 10.135 10.325 10.24 10.125 11.575 10.415 10.365 10.48 10.39 10.055 10.415 10.465 10.075 10.235 9.915 10.58 10.215 10.59 9.99 10.405 10.665 10.165 9.93 10.415 10.29 10.115 9.185 10.545 10.34 10.495 9.11 11.375 10.35 10.69 10.29 10.295 10.44 10.165 10.39 9.94 9.405 10.62 10.43 10.265 10.015 10.315 9.965 10.265 10.305 10.09 10.115 10.41 10.315 9.26 9.975 
-43.02 -43.02 -42.84 -39.24 -46.26 -39.06 -43.02 -43.02 -39.24 -43.02 -45.9 -45.9 -39.06 -43.02 -39.06 -39.06 -46.26 -43.02 -46.26 -43.02 -46.26 -39.24 -39.06 -43.02 -46.26 -39.06 -39.06 -45.9 -45.99 -43.02 -43.02 -43.02 -43.02 -39.06 -45.99 -43.02 -45.9 -39.24 -45.9 -42.93 -43.02 -43.02 -42.93 -43.02 -43.02 -42.93 -42.84 -43.02 -43.02 -45.9 -39.24 -45.99 -39.06 -43.02 -43.02 -45.99 -43.02 -43.02 -43.02 -42.84 -43.02 -43.02 -45.99 -39.06 -45.9 -45.9 -45.9 -39.06 -46.26 -45.9 -43.02 -45.9 -45.9 -43.02 -43.02 -43.02 -45.99 -39.06 -45.9 -43.02 -42.93 -43.02 -45.9 -45.99 -45.9 -43.02 -43.02 -43.02 -39.24 -42.93 -39.06 -43.02 
-187.376 -185.034 -184.26 -170.118 -200.121 -168.001 -185.569 -185.034 -170.118 -186.339 -199.92 -198.671 -169.156 -185.034 -170.128 -168.001 -200.121 -186.874 -200.121 -186.339 -200.121 -170.118 -169.156 -186.874 -200.121 -170.128 -169.156 -198.671 -197.808 -186.874 -185.569 -185.034 -185.034 -169.156 -197.808 -186.305 -198.671 -170.118 -198.635 -185.815 -185.034 -186.205 -185.815 -186.305 -185.569 -185.815 -184.26 -187.376 -187.376 -198.635 -170.118 -197.808 -170.128 -186.305 -187.376 -197.808 -185.569 -187.376 -186.874 -184.26 -187.376 -186.874 -197.808 -168.001 -199.92 -198.671 -199.92 -168.001 -200.121 -198.635 -187.376 -198.671 -199.92 -187.376 -186.305 -186.305 -197.808 -169.156 -199.92 -185.569 -185.815 -186.874 -198.671 -197.808 -198.671 -185.569 -186.874 -186.874 -170.118 -185.815 -168.001 -185.034 
-9.59 -9.59 -9.64 -10.04 -8.89 -10.47 -9.51 -9.59 -10.04 -10.08 -9.31 -9.31 -10.47 -9.59 -10.05 -10.47 -8.89 -9.76 -8.89 -10.08 -8.89 -10.04 -10.47 -9.76 -8.89 -10.05 -10.47 -9.31 -9.29 -9.76 -9.51 -9.59 -9.59 -10.47 -9.29 -9.61 -9.31 -10.04 -9.33 -9.61 -9.59 -9.2 -9.61 -9.61 -9.51 -9.61 -9.64 -9.59 -9.59 -9.33 -10.04 -9.29 -10.05 -9.61 -9.59 -9.29 -9.51 -9.59 -9.76 -9.64 -9.59 -9.76 -9.29 -10.47 -9.31 -9.31 -9.31 -10.47 -8.89 -9.33 -9.59 -9.31 -9.31 -9.59 -9.61 -9.61 -9.29 -10.47 -9.31 -9.51 -9.61 -9.76 -9.31 -9.29 -9.31 -9.51 -9.76 -9.76 -10.04 -9.61 -10.47 -9.59 
-59 -59 -59 -59 -59 -59 -59 -59 -59 -59 -59 -59 -59 -59 -59 -59 -59 -59 -59 -59 -59 -59 -59 -59 -59 -59 -59 -59 -59 -59 -59 -59 -59 -59 -59 -59 -59 -59 -59 -59 -59 -59 -59 -59 -59 -59 -59 -59 -59 -59 -59 -59 -59 -59 -59 -59 -59 -59 -59 -59 -59 -59 -59 -59 -59 -59 -59 -59 -59 -59 -59 -59 -59 -59 -59 -59 -59 -59 -59 -59 -59 -59 -59 -59 -59 -59 -59 -59 -59 -59 -59 -59 
0 0 0 0 0 0 0 0 0 0 0 0 0 0 0 0 0 0 0 0 0 0 0 0 0 0 0 0 0 0 0 0 0 0 0 0 0 0 0 0 0 0 0 0 0 0 0 0 0 0 0 0 0 0 0 0 0 0 0 0 0 0 0 0 0 0 0 0 0 0 0 0 0 0 0 0 0 0 0 0 0 0 0 0 0 0 0 0 0 0 0 0 
-72 -72 -72 -72 -72 -72 -72 -72 -72 -72 -72 -72 -72 -72 -72 -72 -72 -72 -72 -72 -72 -72 -72 -72 -72 -72 -72 -72 -72 -72 -72 -72 -72 -72 -72 -72 -72 -72 -72 -72 -72 -72 -72 -72 -72 -72 -72 -72 -72 -72 -72 -72 -72 -72 -72 -72 -72 -72 -72 -72 -72 -72 -72 -72 -72 -72 -72 -72 -72 -72 -72 -72 -72 -72 -72 -72 -72 -72 -72 -72 -72 -72 -72 -72 -72 -72 -72 -72 -72 -72 -72 -72 
24.45 22.6475 22.674 22.6612 23.5277 22.6475 22.8411 22.6475 22.6612 25.0458 25.53 24.5658 23.626 22.6475 23.19 22.6475 23.5277 24.561 23.5277 25.0458 23.5277 22.6612 23.626 24.561 23.5277 23.19 23.626 24.5658 23.6015 24.561 22.8411 22.6475 22.6475 23.626 23.6015 23.6828 24.5658 22.6612 24.5946 23.5488 22.6475 22.447 23.5488 23.6828 22.8411 23.5488 22.674 24.45 24.45 24.5946 22.6612 23.6015 23.19 23.6828 24.45 23.6015 22.8411 24.45 24.561 22.674 24.45 24.561 23.6015 22.6475 25.53 24.5658 25.53 22.6475 23.5277 24.5946 24.45 24.5658 25.53 24.45 23.6828 23.6828 23.6015 23.626 25.53 22.8411 23.5488 24.561 24.5658 23.6015 24.5658 22.8411 24.561 24.561 22.6612 23.5488 22.6475 22.6475 
2708.3 2394.56 1455.62 1605.74 1949.66 1111.5 1601.24 2393.62 1598.81 1204.42 1649.23 2522.19 1205.95 699.562 1668.73 1114.31 1963.27 1548.86 1957.08 1199.1 1958.32 1607.72 1205.2 1551.74 1950.89 1680.37 1206.69 2509.39 1452.2 1558.46 1594.01 2397.38 2396.44 1208.93 1459.58 1572.78 739.341 1597.82 1565.74 750.719 708.938 2112.71 757.701 1581.76 1598.14 756.703 1457.46 796.06 798.18 1555.87 1601.78 1455.89 1677.19 1575.77 2711.48 1458.66 1595.05 806.66 1555.58 1452.86 2704.06 1560.38 1463.27 1112.9 1654.45 747.221 1652.36 1110.79 1964.51 1566.73 807.72 745.251 1644.02 797.12 1573.78 1582.75 1456.81 1209.67 1657.58 1596.08 751.716 1549.82 746.236 1457.73 744.266 1590.92 1552.7 1553.66 1608.71 2549.21 1115.01 703.313 
-5 -5 -5 -5 -5 -5 -5 -5 -5 -5 -5 -5 -5 -5 -5 -5 -5 -5 -5 -5 -5 -5 -5 -5 -5 -5 -5 -5 -5 -5 -5 -5 -5 -5 -5 -5 -5 -5 -5 -5 -5 -5 -5 -5 -5 -5 -5 -5 -5 -5 -5 -5 -5 -5 -5 -5 -5 -5 -5 -5 -5 -5 -5 -5 -5 -5 -5 -5 -5 -5 -5 -5 -5 -5 -5 -5 -5 -5 -5 -5 -5 -5 -5 -5 -5 -5 -5 -5 -5 -5 -5 -5 
-16.99 -16.43 -16.37 -16.294 -17.682 -15.49 -16.746 -16.43 -16.294 -16.249 -17.28 -17.015 -15.698 -16.43 -16.56 -15.49 -17.682 -16.745 -17.682 -16.249 -17.682 -16.294 -15.698 -16.745 -17.682 -16.56 -15.698 -17.015 -16.73 -16.745 -16.746 -16.43 -16.43 -15.698 -16.73 -16.728 -17.015 -16.294 -17.044 -16.705 -16.43 -17.675 -16.705 -16.728 -16.746 -16.705 -16.37 -16.99 -16.99 -17.044 -16.294 -16.73 -16.56 -16.728 -16.99 -16.73 -16.746 -16.99 -16.745 -16.37 -16.99 -16.745 -16.73 -15.49 -17.28 -17.015 -17.28 -15.49 -17.682 -17.044 -16.99 -17.015 -17.28 -16.99 -16.728 -16.728 -16.73 -15.698 -17.28 -16.746 -16.705 -16.745 -17.015 -16.73 -17.015 -16.746 -16.745 -16.745 -16.294 -16.705 -15.49 -16.43 
296.676 296.976 296.699 242.855 318.038 272.028 290.693 296.826 241.805 339.286 347.718 348.918 271.878 295.776 238.168 272.628 319.688 310.553 318.938 338.236 319.088 243.155 271.728 311.003 318.188 239.818 272.028 346.968 347.6 312.053 289.643 297.426 297.276 272.478 348.8 297.647 347.418 241.655 350.304 295.959 297.276 262.82 297.009 298.997 290.243 296.859 296.999 296.076 296.376 348.804 242.255 348.2 239.368 298.097 297.126 348.65 289.793 297.576 311.603 296.249 296.076 312.353 349.4 272.328 348.468 348.618 348.168 271.878 319.838 350.454 297.726 348.318 346.968 296.226 297.797 299.147 348.35 272.628 348.918 289.943 296.109 310.703 348.468 348.5 348.168 289.193 311.153 311.303 243.305 296.409 272.778 296.376 
-6.306 -6.8625 -6.8896 -6.96696 -6.0481 -7.3607 -6.67502 -6.8625 -6.96696 -6.63024 -5.988 -6.2639 -7.15736 -6.8625 -6.732 -7.3607 -6.0481 -6.4336 -6.0481 -6.63024 -6.0481 -6.96696 -7.15736 -6.4336 -6.0481 -6.732 -7.15736 -6.2639 -6.5343 -6.4336 -6.67502 -6.8625 -6.8625 -7.15736 -6.5343 -6.56368 -6.2639 -6.96696 -6.2422 -6.59565 -6.8625 -6.21725 -6.59565 -6.56368 -6.67502 -6.59565 -6.8896 -6.306 -6.306 -6.2422 -6.96696 -6.5343 -6.732 -6.56368 -6.306 -6.5343 -6.67502 -6.306 -6.4336 -6.8896 -6.306 -6.4336 -6.5343 -7.3607 -5.988 -6.2639 -5.988 -7.3607 -6.0481 -6.2422 -6.306 -6.2639 -5.988 -6.306 -6.56368 -6.56368 -6.5343 -7.15736 -5.988 -6.67502 -6.59565 -6.4336 -6.2639 -6.5343 -6.2639 -6.67502 -6.4336 -6.4336 -6.96696 -6.59565 -7.3607 -6.8625 
-52 -47.03 -29.158 -31.182 -35.032 -25.156 -30.518 -47.03 -31.182 -26.253 -31.482 -48.965 -26.472 -14.53 -31.758 -25.156 -35.032 -30.617 -35.032 -26.253 -35.032 -31.182 -26.472 -30.617 -35.032 -31.758 -26.472 -48.965 -29.204 -30.617 -30.518 -47.03 -47.03 -26.472 -29.204 -30.622 -14.565 -31.182 -30.434 -14.565 -14.53 -36.875 -14.565 -30.622 -30.518 -14.565 -29.158 -14.6 -14.6 -30.434 -31.182 -29.204 -31.758 -30.622 -52 -29.204 -30.518 -14.6 -30.617 -29.158 -52 -30.617 -29.204 -25.156 -31.482 -14.565 -31.482 -25.156 -35.032 -30.434 -14.6 -14.565 -31.482 -14.6 -30.622 -30.622 -29.204 -26.472 -31.482 -30.518 -14.565 -30.617 -14.565 -29.204 -14.565 -30.518 -30.617 -30.617 -31.182 -49.465 -25.156 -14.53 
-1.85 -1.85 -1.84 -2.24 -1.83 -1.85 -1.93 -1.85 -2.24 -1.36 -1.49 -1.49 -1.85 -1.85 -2.27 -1.85 -1.83 -1.68 -1.83 -1.36 -1.83 -2.24 -1.85 -1.68 -1.83 -2.27 -1.85 -1.49 -1.49 -1.68 -1.93 -1.85 -1.85 -1.85 -1.49 -1.83 -1.49 -2.24 -1.47 -1.85 -1.85 -2.24 -1.85 -1.83 -1.93 -1.85 -1.84 -1.85 -1.85 -1.47 -2.24 -1.49 -2.27 -1.83 -1.85 -1.49 -1.93 -1.85 -1.68 -1.84 -1.85 -1.68 -1.49 -1.85 -1.49 -1.49 -1.49 -1.85 -1.83 -1.47 -1.85 -1.49 -1.49 -1.85 -1.83 -1.83 -1.49 -1.85 -1.49 -1.93 -1.85 -1.68 -1.49 -1.49 -1.49 -1.93 -1.68 -1.68 -2.24 -1.85 -1.85 -1.85 
-31.5 -31.5 -31.6 -27.6 -31.7 -31.5 -30.7 -31.5 -27.6 -36.4 -35.1 -35.1 -31.5 -31.5 -27.3 -31.5 -31.7 -33.2 -31.7 -36.4 -31.7 -27.6 -31.5 -33.2 -31.7 -27.3 -31.5 -35.1 -35.1 -33.2 -30.7 -31.5 -31.5 -31.5 -35.1 -31.7 -35.1 -27.6 -35.3 -31.5 -31.5 -27.6 -31.5 -31.7 -30.7 -31.5 -31.6 -31.5 -31.5 -35.3 -27.6 -35.1 -27.3 -31.7 -31.5 -35.1 -30.7 -31.5 -33.2 -31.6 -31.5 -33.2 -35.1 -31.5 -35.1 -35.1 -35.1 -31.5 -31.7 -35.3 -31.5 -35.1 -35.1 -31.5 -31.7 -31.7 -35.1 -31.5 -35.1 -30.7 -31.5 -33.2 -35.1 -35.1 -35.1 -30.7 -33.2 -33.2 -27.6 -31.5 -31.5 -31.5 
-7.24 -6.75 -6.68 -6.96 -7.95 -5.81 -7.13 -6.75 -6.96 -6.04 -7.17 -6.94 -5.98 -6.75 -7.23 -5.81 -7.95 -6.84 -7.95 -6.04 -7.95 -6.96 -5.98 -6.84 -7.95 -7.23 -5.98 -6.94 -6.69 -6.84 -7.13 -6.75 -6.75 -5.98 -6.69 -6.99 -6.94 -6.96 -6.95 -6.99 -6.75 -8.35 -6.99 -6.99 -7.13 -6.99 -6.68 -7.24 -7.24 -6.95 -6.96 -6.69 -7.23 -6.99 -7.24 -6.69 -7.13 -7.24 -6.84 -6.68 -7.24 -6.84 -6.69 -5.81 -7.17 -6.94 -7.17 -5.81 -7.95 -6.95 -7.24 -6.94 -7.17 -7.24 -6.99 -6.99 -6.69 -5.98 -7.17 -7.13 -6.99 -6.84 -6.94 -6.69 -6.94 -7.13 -6.84 -6.84 -6.96 -6.99 -5.81 -6.75 
-1.22 -1.22 -1.24 -1.64 -0.86 -1.66 -1.22 -1.22 -1.64 -1.22 -0.9 -0.9 -1.66 -1.22 -1.66 -1.66 -0.86 -1.22 -0.86 -1.22 -0.86 -1.64 -1.66 -1.22 -0.86 -1.66 -1.66 -0.9 -0.89 -1.22 -1.22 -1.22 -1.22 -1.66 -0.89 -1.22 -0.9 -1.64 -0.9 -1.23 -1.22 -1.22 -1.23 -1.22 -1.22 -1.23 -1.24 -1.22 -1.22 -0.9 -1.64 -0.89 -1.66 -1.22 -1.22 -0.89 -1.22 -1.22 -1.22 -1.24 -1.22 -1.22 -0.89 -1.66 -0.9 -0.9 -0.9 -1.66 -0.86 -0.9 -1.22 -0.9 -0.9 -1.22 -1.22 -1.22 -0.89 -1.66 -0.9 -1.22 -1.23 -1.22 -0.9 -0.89 -0.9 -1.22 -1.22 -1.22 -1.64 -1.23 -1.66 -1.22 
4 4 1.3 1.4 1.3 1.3 1.2 4 1.4 1.3 1.3 4 1.4 -1 1.3 1.3 1.3 1.4 1.3 1.3 1.3 1.4 1.4 1.4 1.3 1.3 1.4 4 1.3 1.4 1.2 4 4 1.4 1.3 1.3 -1 1.4 1.3 -1 -1 1.3 -1 1.3 1.2 -1 1.3 -1 -1 1.3 1.4 1.3 1.3 1.3 4 1.3 1.2 -1 1.4 1.3 4 1.4 1.3 1.3 1.3 -1 1.3 1.3 1.3 1.3 -1 -1 1.3 -1 1.3 1.3 1.3 1.4 1.3 1.2 -1 1.4 -1 1.3 -1 1.2 1.4 1.4 1.4 4 1.3 -1 
5.38 5.31 5.29 4.934 5.702 4.87 5.326 5.31 4.934 5.349 5.7 5.665 4.908 5.31 4.94 4.87 5.702 5.365 5.702 5.349 5.702 4.934 4.908 5.365 5.702 4.94 4.908 5.665 5.64 5.365 5.326 5.31 5.31 4.908 5.64 5.348 5.665 4.934 5.664 5.335 5.31 5.345 5.335 5.348 5.326 5.335 5.29 5.38 5.38 5.664 4.934 5.64 4.94 5.348 5.38 5.64 5.326 5.38 5.365 5.29 5.38 5.365 5.64 4.87 5.7 5.665 5.7 4.87 5.702 5.664 5.38 5.665 5.7 5.38 5.348 5.348 5.64 4.908 5.7 5.326 5.335 5.365 5.665 5.64 5.665 5.326 5.365 5.365 4.934 5.335 4.87 5.31 
-12 -12 -9.3 -9.4 -9.3 -9.3 -9.2 -12 -9.4 -9.3 -9.3 -12 -9.4 -7 -9.3 -9.3 -9.3 -9.4 -9.3 -9.3 -9.3 -9.4 -9.4 -9.4 -9.3 -9.3 -9.4 -12 -9.3 -9.4 -9.2 -12 -12 -9.4 -9.3 -9.3 -7 -9.4 -9.3 -7 -7 -9.3 -7 -9.3 -9.2 -7 -9.3 -7 -7 -9.3 -9.4 -9.3 -9.3 -9.3 -12 -9.3 -9.2 -7 -9.4 -9.3 -12 -9.4 -9.3 -9.3 -9.3 -7 -9.3 -9.3 -9.3 -9.3 -7 -7 -9.3 -7 -9.3 -9.3 -9.3 -9.4 -9.3 -9.2 -7 -9.4 -7 -9.3 -7 -9.2 -9.4 -9.4 -9.4 -12 -9.3 -7 
10 10 10 10 10 10 10 10 10 10 10 10 10 10 10 10 10 10 10 10 10 10 10 10 10 10 10 10 10 10 10 10 10 10 10 10 10 10 10 10 10 10 10 10 10 10 10 10 10 10 10 10 10 10 10 10 10 10 10 10 10 10 10 10 10 10 10 10 10 10 10 10 10 10 10 10 10 10 10 10 10 10 10 10 10 10 10 10 10 10 10 10 
11.525 11.805 11.805 12.199 10.437 11.805 12.521 11.63 10.974 12.019 11.35 12.715 11.668 10.405 10.65 12.505 12.362 10.635 11.487 10.794 11.662 12.549 11.493 11.16 10.612 12.575 11.843 10.44 10.405 12.385 11.296 12.33 12.155 12.368 11.805 10.618 10.965 10.799 12.189 11.315 12.155 11.14 12.54 12.193 11.996 12.365 12.155 10.825 11.175 10.439 11.499 11.105 12.05 11.143 12.05 11.63 11.471 12.575 11.86 11.28 10.825 12.735 12.505 12.155 12.225 12.365 11.875 11.63 12.537 12.364 12.75 12.015 10.475 11 10.793 12.368 11.28 12.543 12.75 11.646 11.49 10.81 12.19 11.455 11.84 10.771 11.335 11.51 12.724 11.84 12.68 11.105 
2.6 2.88 2.88 2.704 2.752 2.88 2.816 2.88 2.704 2.724 2.6 2.74 2.728 2.88 2.6 2.88 2.752 2.66 2.752 2.724 2.752 2.704 2.728 2.66 2.752 2.6 2.728 2.74 2.88 2.66 2.816 2.88 2.88 2.728 2.88 2.728 2.74 2.704 2.744 2.74 2.88 2.74 2.74 2.728 2.816 2.74 2.88 2.6 2.6 2.744 2.704 2.88 2.6 2.728 2.6 2.88 2.816 2.6 2.66 2.88 2.6 2.66 2.88 2.88 2.6 2.74 2.6 2.88 2.752 2.744 2.6 2.74 2.6 2.6 2.728 2.728 2.88 2.728 2.6 2.816 2.74 2.66 2.74 2.88 2.74 2.816 2.66 2.66 2.704 2.74 2.88 2.88 
-21.2 -18.75 -18.4 -19.8 -24.75 -14.05 -20.65 -18.75 -19.8 -15.2 -20.85 -19.7 -14.9 -18.75 -21.15 -14.05 -24.75 -19.2 -24.75 -15.2 -24.75 -19.8 -14.9 -19.2 -24.75 -21.15 -14.9 -19.7 -18.45 -19.2 -20.65 -18.75 -18.75 -14.9 -18.45 -19.95 -19.7 -19.8 -19.75 -19.95 -18.75 -26.75 -19.95 -19.95 -20.65 -19.95 -18.4 -21.2 -21.2 -19.75 -19.8 -18.45 -21.15 -19.95 -21.2 -18.45 -20.65 -21.2 -19.2 -18.4 -21.2 -19.2 -18.45 -14.05 -20.85 -19.7 -20.85 -14.05 -24.75 -19.75 -21.2 -19.7 -20.85 -21.2 -19.95 -19.95 -18.45 -14.9 -20.85 -20.65 -19.95 -19.2 -19.7 -18.45 -19.7 -20.65 -19.2 -19.2 -19.8 -19.95 -14.05 -18.75 
-32 -32 -32 -32 -32 -32 -32 -32 -32 -32 -32 -32 -32 -32 -32 -32 -32 -32 -32 -32 -32 -32 -32 -32 -32 -32 -32 -32 -32 -32 -32 -32 -32 -32 -32 -32 -32 -32 -32 -32 -32 -32 -32 -32 -32 -32 -32 -32 -32 -32 -32 -32 -32 -32 -32 -32 -32 -32 -32 -32 -32 -32 -32 -32 -32 -32 -32 -32 -32 -32 -32 -32 -32 -32 -32 -32 -32 -32 -32 -32 -32 -32 -32 -32 -32 -32 -32 -32 -32 -32 -32 -32 
-2 -2 -2 -2 -2 -2 -2 -2 -2 -2 -2 -2 -2 -2 -2 -2 -2 -2 -2 -2 -2 -2 -2 -2 -2 -2 -2 -2 -2 -2 -2 -2 -2 -2 -2 -2 -2 -2 -2 -2 -2 -2 -2 -2 -2 -2 -2 -2 -2 -2 -2 -2 -2 -2 -2 -2 -2 -2 -2 -2 -2 -2 -2 -2 -2 -2 -2 -2 -2 -2 -2 -2 -2 -2 -2 -2 -2 -2 -2 -2 -2 -2 -2 -2 -2 -2 -2 -2 -2 -2 -2 -2 
4.935 5.375 5.475 3.945 4.435 6.315 4.655 5.4 4.12 7.53 6.11 6.14 6.17 5.575 3.81 6.215 4.16 5.97 4.285 7.705 4.26 3.895 6.195 5.895 4.41 3.535 6.145 6.465 6.715 5.72 4.83 5.3 5.325 6.07 6.515 5.37 6.39 4.145 6.265 5.21 5.325 2.705 5.035 5.145 4.73 5.06 5.425 5.035 4.985 6.515 4.045 6.615 3.61 5.295 4.86 6.54 4.805 4.785 5.795 5.55 5.035 5.67 6.415 6.265 5.985 6.19 6.035 6.34 4.135 6.24 4.76 6.24 6.235 5.01 5.345 5.12 6.59 6.045 5.91 4.78 5.185 5.945 6.215 6.565 6.265 4.905 5.87 5.845 3.87 5.135 6.19 5.475 
-40.8 -41.1 -41.11 -41.01 -39.92 -41.1 -41.62 -40.95 -39.96 -41.74 -41.01 -42.21 -40.95 -39.9 -39.63 -41.7 -41.57 -40.22 -40.82 -40.69 -40.97 -41.31 -40.8 -40.67 -40.07 -41.28 -41.1 -40.26 -40.26 -41.72 -40.57 -41.55 -41.4 -41.55 -41.46 -40.07 -40.71 -39.81 -41.78 -40.65 -41.4 -40.11 -41.7 -41.42 -41.17 -41.55 -41.41 -40.2 -40.5 -40.28 -40.41 -40.86 -40.83 -40.52 -41.25 -41.31 -40.72 -41.7 -41.27 -40.66 -40.2 -42.02 -42.06 -41.4 -41.76 -41.91 -41.46 -40.95 -41.72 -41.93 -41.85 -41.61 -40.26 -40.35 -40.22 -41.57 -41.01 -41.7 -42.21 -40.87 -40.8 -40.37 -41.76 -41.16 -41.46 -40.12 -40.82 -40.97 -41.46 -41.1 -41.85 -40.5 
-22.472 -19.875 -19.5776 -17.8992 -26.433 -14.893 -21.2282 -19.875 -17.8992 -19.0912 -25.1034 -23.7188 -15.794 -19.875 -18.8658 -14.893 -26.433 -21.6576 -26.433 -19.0912 -26.433 -17.8992 -15.794 -21.6576 -26.433 -18.8658 -15.794 -23.7188 -22.2138 -21.6576 -21.2282 -19.875 -19.875 -15.794 -22.2138 -21.3066 -23.7188 -17.8992 -23.937 -21.147 -19.875 -24.182 -21.147 -21.3066 -21.2282 -21.147 -19.5776 -22.472 -22.472 -23.937 -17.8992 -22.2138 -18.8658 -21.3066 -22.472 -22.2138 -21.2282 -22.472 -21.6576 -19.5776 -22.472 -21.6576 -22.2138 -14.893 -25.1034 -23.7188 -25.1034 -14.893 -26.433 -23.937 -22.472 -23.7188 -25.1034 -22.472 -21.3066 -21.3066 -22.2138 -15.794 -25.1034 -21.2282 -21.147 -21.6576 -23.7188 -22.2138 -23.7188 -21.2282 -21.6576 -21.6576 -17.8992 -21.147 -14.893 -19.875 
-5.485 -4.7259 -4.7259 -5.12048 -5.24884 -4.7259 -4.78712 -4.7509 -5.29548 -5.09476 -5.51 -4.95423 -5.13462 -4.9259 -5.61 -4.6259 -4.97384 -5.45722 -5.09884 -5.26976 -5.07384 -5.07048 -5.15962 -5.38223 -5.22384 -5.335 -5.10962 -5.27922 -4.9259 -5.20722 -4.96212 -4.6509 -4.6759 -5.03462 -4.7259 -5.28462 -5.20423 -5.32048 -5.0191 -5.15422 -4.6759 -5.17922 -4.97922 -5.05962 -4.86212 -5.00422 -4.6759 -5.585 -5.535 -5.2691 -5.22048 -4.8259 -5.41 -5.20962 -5.41 -4.7509 -4.93712 -5.335 -5.28223 -4.8009 -5.585 -5.15723 -4.6259 -4.6759 -5.385 -5.00422 -5.435 -4.7509 -4.94884 -4.9941 -5.31 -5.05422 -5.635 -5.56 -5.25962 -5.03462 -4.8009 -5.00962 -5.31 -4.91212 -5.12922 -5.43222 -5.02922 -4.7759 -5.07923 -5.03712 -5.35722 -5.33222 -5.04548 -5.07923 -4.6009 -4.8259 
-8.085 -8.425 -8.505 -7.675 -7.845 -9.365 -7.665 -8.5 -8.2 -9.55 -8.59 -8.22 -9.27 -9.025 -8.05 -9.065 -7.02 -9.03 -7.395 -10.075 -7.32 -7.525 -9.345 -8.805 -7.77 -7.225 -9.195 -9.195 -9.445 -8.28 -8.19 -8.2 -8.275 -8.97 -8.845 -8.73 -8.97 -8.275 -8.455 -8.41 -8.275 -6.735 -7.885 -8.055 -7.89 -7.96 -8.355 -8.385 -8.235 -9.205 -7.975 -9.145 -7.45 -8.505 -7.86 -8.92 -8.115 -7.635 -8.505 -8.73 -8.385 -8.13 -8.545 -9.215 -8.215 -8.37 -8.365 -9.44 -6.945 -8.38 -7.56 -8.52 -8.965 -8.31 -8.655 -7.98 -9.07 -8.895 -7.99 -8.04 -8.335 -8.955 -8.445 -8.995 -8.595 -8.415 -8.73 -8.655 -7.45 -8.185 -8.99 -8.725 
-28.68 -28.68 -28.56 -26.16 -30.84 -26.04 -28.68 -28.68 -26.16 -28.68 -30.6 -30.6 -26.04 -28.68 -26.04 -26.04 -30.84 -28.68 -30.84 -28.68 -30.84 -26.16 -26.04 -28.68 -30.84 -26.04 -26.04 -30.6 -30.66 -28.68 -28.68 -28.68 -28.68 -26.04 -30.66 -28.68 -30.6 -26.16 -30.6 -28.62 -28.68 -28.68 -28.62 -28.68 -28.68 -28.62 -28.56 -28.68 -28.68 -30.6 -26.16 -30.66 -26.04 -28.68 -28.68 -30.66 -28.68 -28.68 -28.68 -28.56 -28.68 -28.68 -30.66 -26.04 -30.6 -30.6 -30.6 -26.04 -30.84 -30.6 -28.68 -30.6 -30.6 -28.68 -28.68 -28.68 -30.66 -26.04 -30.6 -28.68 -28.62 -28.68 -30.6 -30.66 -30.6 -28.68 -28.68 -28.68 -26.16 -28.62 -26.04 -28.68 
3.6 3.53 3.53 3.574 3.562 3.53 3.546 3.53 3.574 3.569 3.6 3.565 3.568 3.53 3.6 3.53 3.562 3.585 3.562 3.569 3.562 3.574 3.568 3.585 3.562 3.6 3.568 3.565 3.53 3.585 3.546 3.53 3.53 3.568 3.53 3.568 3.565 3.574 3.564 3.565 3.53 3.565 3.565 3.568 3.546 3.565 3.53 3.6 3.6 3.564 3.574 3.53 3.6 3.568 3.6 3.53 3.546 3.6 3.585 3.53 3.6 3.585 3.53 3.53 3.6 3.565 3.6 3.53 3.562 3.564 3.6 3.565 3.6 3.6 3.568 3.568 3.53 3.568 3.6 3.546 3.565 3.585 3.565 3.53 3.565 3.546 3.585 3.585 3.574 3.565 3.53 3.53 
20 20 9.2 9.6 9.2 9.2 8.8 20 9.6 9.2 9.2 20 9.6 -0 9.2 9.2 9.2 9.6 9.2 9.2 9.2 9.6 9.6 9.6 9.2 9.2 9.6 20 9.2 9.6 8.8 20 20 9.6 9.2 9.2 -0 9.6 9.2 -0 -0 9.2 -0 9.2 8.8 -0 9.2 -0 -0 9.2 9.6 9.2 9.2 9.2 20 9.2 8.8 -0 9.6 9.2 20 9.6 9.2 9.2 9.2 -0 9.2 9.2 9.2 9.2 -0 -0 9.2 -0 9.2 9.2 9.2 9.6 9.2 8.8 -0 9.6 -0 9.2 -0 8.8 9.6 9.6 9.6 20 9.2 -0 
6 6 3.3 3.4 3.3 3.3 3.2 6 3.4 3.3 3.3 6 3.4 1 3.3 3.3 3.3 3.4 3.3 3.3 3.3 3.4 3.4 3.4 3.3 3.3 3.4 6 3.3 3.4 3.2 6 6 3.4 3.3 3.3 1 3.4 3.3 1 1 3.3 1 3.3 3.2 1 3.3 1 1 3.3 3.4 3.3 3.3 3.3 6 3.3 3.2 1 3.4 3.3 6 3.4 3.3 3.3 3.3 1 3.3 3.3 3.3 3.3 1 1 3.3 1 3.3 3.3 3.3 3.4 3.3 3.2 1 3.4 1 3.3 1 3.2 3.4 3.4 3.4 6 3.3 1 
-5.275 -5.325 -2.625 -2.775 -2.425 -2.625 -2.625 -5.3 -2.6 -2.65 -2.55 -5.45 -2.7 -0.125 -2.45 -2.725 -2.7 -2.55 -2.575 -2.475 -2.6 -2.825 -2.675 -2.625 -2.45 -2.725 -2.725 -5.125 -2.425 -2.8 -2.45 -5.4 -5.375 -2.8 -2.625 -2.45 -0.2 -2.575 -2.675 -0.25 -0.375 -2.525 -0.425 -2.675 -2.55 -0.4 -2.675 -0.175 -0.225 -2.425 -2.675 -2.525 -2.65 -2.525 -5.35 -2.6 -2.475 -0.425 -2.725 -2.55 -5.175 -2.85 -2.725 -2.675 -2.675 -0.4 -2.625 -2.6 -2.725 -2.7 -0.45 -0.35 -2.425 -0.2 -2.475 -2.7 -2.55 -2.825 -2.75 -2.5 -0.275 -2.575 -0.375 -2.575 -0.325 -2.375 -2.65 -2.675 -2.85 -5.325 -2.75 -0.225 
-11.85 -11.85 -11.84 -12.24 -11.83 -11.85 -11.93 -11.85 -12.24 -11.36 -11.49 -11.49 -11.85 -11.85 -12.27 -11.85 -11.83 -11.68 -11.83 -11.36 -11.83 -12.24 -11.85 -11.68 -11.83 -12.27 -11.85 -11.49 -11.49 -11.68 -11.93 -11.85 -11.85 -11.85 -11.49 -11.83 -11.49 -12.24 -11.47 -11.85 -11.85 -12.24 -11.85 -11.83 -11.93 -11.85 -11.84 -11.85 -11.85 -11.47 -12.24 -11.49 -12.27 -11.83 -11.85 -11.49 -11.93 -11.85 -11.68 -11.84 -11.85 -11.68 -11.49 -11.85 -11.49 -11.49 -11.49 -11.85 -11.83 -11.47 -11.85 -11.49 -11.49 -11.85 -11.83 -11.83 -11.49 -11.85 -11.49 -11.93 -11.85 -11.68 -11.49 -11.49 -11.49 -11.93 -11.68 -11.68 -12.24 -11.85 -11.85 -11.85 
81.0688 71.7 70.0672 69.0624 101.772 48.7816 78.9656 71.7 69.0624 58.1248 85.068 80.376 51.7328 71.7 73.4328 48.7816 101.772 73.4208 101.772 58.1248 101.772 69.0624 51.7328 73.4208 101.772 73.4328 51.7328 80.376 75.4236 73.4208 78.9656 71.7 71.7 51.7328 75.4236 76.2888 80.376 69.0624 80.58 76.1292 71.7 102.292 76.1292 76.2888 78.9656 76.1292 70.0672 81.0688 81.0688 80.58 69.0624 75.4236 73.4328 76.2888 81.0688 75.4236 78.9656 81.0688 73.4208 70.0672 81.0688 73.4208 75.4236 48.7816 85.068 80.376 85.068 48.7816 101.772 80.58 81.0688 80.376 85.068 81.0688 76.2888 76.2888 75.4236 51.7328 85.068 78.9656 76.1292 73.4208 80.376 75.4236 80.376 78.9656 73.4208 73.4208 69.0624 76.1292 48.7816 71.7 
10 10 10 10 10 10 10 10 10 10 10 10 10 10 10 10 10 10 10 10 10 10 10 10 10 10 10 10 10 10 10 10 10 10 10 10 10 10 10 10 10 10 10 10 10 10 10 10 10 10 10 10 10 10 10 10 10 10 10 10 10 10 10 10 10 10 10 10 10 10 10 10 10 10 10 10 10 10 10 10 10 10 10 10 10 10 10 10 10 10 10 10 
-5.725 -4.975 -4.975 -5.365 -5.495 -4.975 -5.035 -5 -5.54 -5.34 -5.75 -5.2 -5.38 -5.175 -5.85 -4.875 -5.22 -5.7 -5.345 -5.515 -5.32 -5.315 -5.405 -5.625 -5.47 -5.575 -5.355 -5.525 -5.175 -5.45 -5.21 -4.9 -4.925 -5.28 -4.975 -5.53 -5.45 -5.565 -5.265 -5.4 -4.925 -5.425 -5.225 -5.305 -5.11 -5.25 -4.925 -5.825 -5.775 -5.515 -5.465 -5.075 -5.65 -5.455 -5.65 -5 -5.185 -5.575 -5.525 -5.05 -5.825 -5.4 -4.875 -4.925 -5.625 -5.25 -5.675 -5 -5.195 -5.24 -5.55 -5.3 -5.875 -5.8 -5.505 -5.28 -5.05 -5.255 -5.55 -5.16 -5.375 -5.675 -5.275 -5.025 -5.325 -5.285 -5.6 -5.575 -5.29 -5.325 -4.85 -5.075 
-30 -30 -30 -30 -30 -30 -30 -30 -30 -30 -30 -30 -30 -30 -30 -30 -30 -30 -30 -30 -30 -30 -30 -30 -30 -30 -30 -30 -30 -30 -30 -30 -30 -30 -30 -30 -30 -30 -30 -30 -30 -30 -30 -30 -30 -30 -30 -30 -30 -30 -30 -30 -30 -30 -30 -30 -30 -30 -30 -30 -30 -30 -30 -30 -30 -30 -30 -30 -30 -30 -30 -30 -30 -30 -30 -30 -30 -30 -30 -30 -30 -30 -30 -30 -30 -30 -30 -30 -30 -30 -30 -30 
-8.4 -8.47 -8.47 -8.426 -8.438 -8.47 -8.454 -8.47 -8.426 -8.431 -8.4 -8.435 -8.432 -8.47 -8.4 -8.47 -8.438 -8.415 -8.438 -8.431 -8.438 -8.426 -8.432 -8.415 -8.438 -8.4 -8.432 -8.435 -8.47 -8.415 -8.454 -8.47 -8.47 -8.432 -8.47 -8.432 -8.435 -8.426 -8.436 -8.435 -8.47 -8.435 -8.435 -8.432 -8.454 -8.435 -8.47 -8.4 -8.4 -8.436 -8.426 -8.47 -8.4 -8.432 -8.4 -8.47 -8.454 -8.4 -8.415 -8.47 -8.4 -8.415 -8.47 -8.47 -8.4 -8.435 -8.4 -8.47 -8.438 -8.436 -8.4 -8.435 -8.4 -8.4 -8.432 -8.432 -8.47 -8.432 -8.4 -8.454 -8.435 -8.415 -8.435 -8.47 -8.435 -8.454 -8.415 -8.415 -8.426 -8.435 -8.47 -8.47 
-46.8 -46.24 -46.24 -46.592 -46.496 -46.24 -46.368 -46.24 -46.592 -46.552 -46.8 -46.52 -46.544 -46.24 -46.8 -46.24 -46.496 -46.68 -46.496 -46.552 -46.496 -46.592 -46.544 -46.68 -46.496 -46.8 -46.544 -46.52 -46.24 -46.68 -46.368 -46.24 -46.24 -46.544 -46.24 -46.544 -46.52 -46.592 -46.512 -46.52 -46.24 -46.52 -46.52 -46.544 -46.368 -46.52 -46.24 -46.8 -46.8 -46.512 -46.592 -46.24 -46.8 -46.544 -46.8 -46.24 -46.368 -46.8 -46.68 -46.24 -46.8 -46.68 -46.24 -46.24 -46.8 -46.52 -46.8 -46.24 -46.496 -46.512 -46.8 -46.52 -46.8 -46.8 -46.544 -46.544 -46.24 -46.544 -46.8 -46.368 -46.52 -46.68 -46.52 -46.24 -46.52 -46.368 -46.68 -46.68 -46.592 -46.52 -46.24 -46.24 
15.025 14.975 14.995 14.145 15.215 14.975 14.715 15 14.32 15.93 15.77 15.57 15 15.175 14.31 14.875 14.94 15.49 15.065 16.105 15.04 14.095 15.025 15.415 15.19 14.035 14.975 15.895 15.895 15.24 14.89 14.9 14.925 14.9 15.695 15.19 15.82 14.345 15.685 15.05 14.925 14.295 14.875 14.965 14.79 14.9 14.945 15.125 15.075 15.935 14.245 15.795 14.11 15.115 14.95 15.72 14.865 14.875 15.315 15.07 15.125 15.19 15.595 14.925 15.645 15.62 15.695 15 14.915 15.66 14.85 15.67 15.895 15.1 15.165 14.94 15.77 14.875 15.57 14.84 15.025 15.465 15.645 15.745 15.695 14.965 15.39 15.365 14.07 14.975 14.85 15.075 
0.361488 0.504887 0.502775 0.613125 0.0803125 0.458412 0.863388 0.4302 0.1744 0.58555 0.31875 1.03275 0.3906 0.0746875 0.09765 0.783913 0.8224 0.10755 0.388712 0.146388 0.4626 0.787525 0.328213 0.241987 0.11565 0.783913 0.458412 0.0796875 0.0798438 0.7648 0.29875 0.7648 0.672188 0.6944 0.539744 0.10755 0.204 0.133525 0.717187 0.298125 0.672188 0.241987 0.861581 0.672188 0.58555 0.7632 0.669375 0.146388 0.241987 0.0796875 0.329725 0.258694 0.53165 0.241987 0.58555 0.4599 0.361488 0.863388 0.504887 0.2975 0.146388 0.96795 0.922994 0.610313 0.717187 0.816 0.538687 0.3906 0.928412 0.816 0.96795 0.62475 0.0796875 0.1912 0.146388 0.7648 0.319375 0.783913 1.03275 0.4302 0.360731 0.146388 0.717187 0.386444 0.538687 0.146388 0.29875 0.361488 0.8829 0.503831 0.87885 0.241987 
-24 -24 -24 -24 -24 -24 -24 -24 -24 -24 -24 -24 -24 -24 -24 -24 -24 -24 -24 -24 -24 -24 -24 -24 -24 -24 -24 -24 -24 -24 -24 -24 -24 -24 -24 -24 -24 -24 -24 -24 -24 -24 -24 -24 -24 -24 -24 -24 -24 -24 -24 -24 -24 -24 -24 -24 -24 -24 -24 -24 -24 -24 -24 -24 -24 -24 -24 -24 -24 -24 -24 -24 -24 -24 -24 -24 -24 -24 -24 -24 -24 -24 -24 -24 -24 -24 -24 -24 -24 -24 -24 -24 
9.725 9.675 9.675 9.625 9.875 9.675 9.575 9.7 9.8 9.65 9.75 9.55 9.7 9.875 9.85 9.575 9.6 9.85 9.725 9.825 9.7 9.575 9.725 9.775 9.85 9.575 9.675 9.875 9.875 9.6 9.75 9.6 9.625 9.6 9.675 9.85 9.8 9.825 9.625 9.75 9.625 9.775 9.575 9.625 9.65 9.6 9.625 9.825 9.775 9.875 9.725 9.775 9.65 9.775 9.65 9.7 9.725 9.575 9.675 9.75 9.825 9.55 9.575 9.625 9.625 9.6 9.675 9.7 9.575 9.6 9.55 9.65 9.875 9.8 9.825 9.6 9.75 9.575 9.55 9.7 9.725 9.825 9.625 9.725 9.675 9.825 9.75 9.725 9.55 9.675 9.55 9.775 
9.373 8.9884 8.9578 8.48764 9.90368 8.3152 8.96488 9.0134 8.66264 9.14982 9.91 9.5315 8.50512 9.1884 8.794 8.2152 9.62868 9.4263 9.75368 9.32482 9.72868 8.43764 8.53012 9.3513 9.87868 8.519 8.48012 9.8565 9.6933 9.1763 9.13988 8.9134 8.9384 8.40512 9.4933 9.34504 9.7815 8.68764 9.6014 9.21505 8.9384 9.2557 9.04005 9.12004 9.03988 9.06505 8.9078 9.473 9.423 9.8514 8.58764 9.5933 8.594 9.27004 9.298 9.5183 9.11488 9.223 9.2513 9.0328 9.473 9.1263 9.3933 8.2652 9.785 9.5815 9.835 8.3402 9.60368 9.5764 9.198 9.6315 10.035 9.448 9.32004 9.09504 9.5683 8.38012 9.71 9.08988 9.19005 9.4013 9.6065 9.5433 9.6565 9.21488 9.3263 9.3013 8.41264 9.14005 8.1902 9.0884 
16.165 15.4722 15.4722 15.9552 15.6903 15.4722 15.6921 15.459 15.8548 15.8891 16.15 15.9043 15.8504 15.3662 16.09 15.5252 15.8448 15.9377 15.7745 15.7896 15.7886 15.9839 15.8362 15.9816 15.7043 16.255 15.8646 15.7206 15.3662 16.084 15.5965 15.512 15.4987 15.9072 15.4722 15.7652 15.763 15.8405 15.8515 15.7912 15.4987 15.7771 15.8901 15.893 15.6511 15.876 15.4987 16.105 16.135 15.7105 15.8979 15.4192 16.21 15.8078 16.21 15.459 15.6101 16.255 16.0401 15.4325 16.105 16.1132 15.5252 15.4987 16.225 15.876 16.195 15.459 15.8589 15.8656 16.27 15.8477 16.075 16.12 15.7794 15.9072 15.4325 15.9214 16.27 15.6238 15.8054 15.9524 15.8619 15.4457 15.8336 15.5555 15.9963 16.0109 15.9983 15.8336 15.5385 15.4192 
-8.24 -7.75 -7.68 -7.96 -8.95 -6.81 -8.13 -7.75 -7.96 -7.04 -8.17 -7.94 -6.98 -7.75 -8.23 -6.81 -8.95 -7.84 -8.95 -7.04 -8.95 -7.96 -6.98 -7.84 -8.95 -8.23 -6.98 -7.94 -7.69 -7.84 -8.13 -7.75 -7.75 -6.98 -7.69 -7.99 -7.94 -7.96 -7.95 -7.99 -7.75 -9.35 -7.99 -7.99 -8.13 -7.99 -7.68 -8.24 -8.24 -7.95 -7.96 -7.69 -8.23 -7.99 -8.24 -7.69 -8.13 -8.24 -7.84 -7.68 -8.24 -7.84 -7.69 -6.81 -8.17 -7.94 -8.17 -6.81 -8.95 -7.95 -8.24 -7.94 -8.17 -8.24 -7.99 -7.99 -7.69 -6.98 -8.17 -8.13 -7.99 -7.84 -7.94 -7.69 -7.94 -8.13 -7.84 -7.84 -7.96 -7.99 -6.81 -7.75 
-20.2 -17.75 -7.464 -8.504 -10.385 -5.463 -8.086 -17.75 -8.504 -5.992 -8.591 -18.7 -6.152 1 -8.729 -5.463 -10.385 -8.216 -10.385 -5.992 -10.385 -8.504 -6.152 -8.216 -10.385 -8.729 -6.152 -18.7 -7.487 -8.216 -8.086 -17.75 -17.75 -6.152 -7.487 -8.177 1 -8.504 -8.085 1 1 -11.305 1 -8.177 -8.086 1 -7.464 1 1 -8.085 -8.504 -7.487 -8.729 -8.177 -20.2 -7.487 -8.086 1 -8.216 -7.464 -20.2 -8.216 -7.487 -5.463 -8.591 1 -8.591 -5.463 -10.385 -8.085 1 1 -8.591 1 -8.177 -8.177 -7.487 -6.152 -8.591 -8.086 1 -8.216 1 -7.487 1 -8.086 -8.216 -8.216 -8.504 -18.95 -5.463 1 
-3.456 -2.86248 -5.05191 -5.57806 -5.49706 -5.05191 -5.35676 -2.86248 -5.57806 -5.59672 -6.048 -3.15226 -5.49337 -6.91698 -6.048 -5.05191 -5.49706 -5.73489 -5.49706 -5.59672 -5.49706 -5.57806 -5.49337 -5.73489 -5.49706 -6.048 -5.49337 -3.15226 -5.05191 -5.73489 -5.35676 -2.86248 -2.86248 -5.49337 -5.05191 -5.58243 -7.57339 -5.57806 -5.52545 -7.57339 -6.91698 -5.53967 -7.57339 -5.58243 -5.35676 -7.57339 -5.05191 -8.256 -8.256 -5.52545 -5.57806 -5.05191 -6.048 -5.58243 -3.456 -5.05191 -5.35676 -8.256 -5.73489 -5.05191 -3.456 -5.73489 -5.05191 -5.05191 -6.048 -7.57339 -6.048 -5.05191 -5.49706 -5.52545 -8.256 -7.57339 -6.048 -8.256 -5.58243 -5.58243 -5.05191 -5.49337 -6.048 -5.35676 -7.57339 -5.73489 -7.57339 -5.05191 -7.57339 -5.35676 -5.73489 -5.73489 -5.57806 -3.15226 -5.05191 -6.91698 
-7 -7 -4.3 -4.4 -4.3 -4.3 -4.2 -7 -4.4 -4.3 -4.3 -7 -4.4 -2 -4.3 -4.3 -4.3 -4.4 -4.3 -4.3 -4.3 -4.4 -4.4 -4.4 -4.3 -4.3 -4.4 -7 -4.3 -4.4 -4.2 -7 -7 -4.4 -4.3 -4.3 -2 -4.4 -4.3 -2 -2 -4.3 -2 -4.3 -4.2 -2 -4.3 -2 -2 -4.3 -4.4 -4.3 -4.3 -4.3 -7 -4.3 -4.2 -2 -4.4 -4.3 -7 -4.4 -4.3 -4.3 -4.3 -2 -4.3 -4.3 -4.3 -4.3 -2 -2 -4.3 -2 -4.3 -4.3 -4.3 -4.4 -4.3 -4.2 -2 -4.4 -2 -4.3 -2 -4.2 -4.4 -4.4 -4.4 -7 -4.3 -2 
8 8 8 8 8 8 8 8 8 8 8 8 8 8 8 8 8 8 8 8 8 8 8 8 8 8 8 8 8 8 8 8 8 8 8 8 8 8 8 8 8 8 8 8 8 8 8 8 8 8 8 8 8 8 8 8 8 8 8 8 8 8 8 8 8 8 8 8 8 8 8 8 8 8 8 8 8 8 8 8 8 8 8 8 8 8 8 8 8 8 8 8 
2.425 2.475 2.485 2.135 2.295 2.475 2.495 2.45 1.96 2.99 2.76 2.96 2.45 2.275 1.88 2.575 2.57 2.47 2.445 2.815 2.47 2.185 2.425 2.545 2.32 2.155 2.475 2.635 2.635 2.72 2.32 2.55 2.525 2.55 2.835 2.32 2.71 1.935 2.905 2.4 2.525 1.985 2.575 2.545 2.42 2.55 2.535 2.325 2.375 2.655 2.035 2.735 2.08 2.395 2.5 2.81 2.345 2.575 2.645 2.41 2.325 2.77 2.935 2.525 2.885 2.91 2.835 2.45 2.595 2.93 2.6 2.86 2.635 2.35 2.345 2.57 2.76 2.575 2.96 2.37 2.425 2.495 2.885 2.785 2.835 2.245 2.57 2.595 2.21 2.475 2.6 2.375 
-67 -67 -67 -67 -67 -67 -67 -67 -67 -67 -67 -67 -67 -67 -67 -67 -67 -67 -67 -67 -67 -67 -67 -67 -67 -67 -67 -67 -67 -67 -67 -67 -67 -67 -67 -67 -67 -67 -67 -67 -67 -67 -67 -67 -67 -67 -67 -67 -67 -67 -67 -67 -67 -67 -67 -67 -67 -67 -67 -67 -67 -67 -67 -67 -67 -67 -67 -67 -67 -67 -67 -67 -67 -67 -67 -67 -67 -67 -67 -67 -67 -67 -67 -67 -67 -67 -67 -67 -67 -67 -67 -67 
-4.2 -3.71 -3.71 -4.018 -3.934 -3.71 -3.822 -3.71 -4.018 -3.983 -4.2 -3.955 -3.976 -3.71 -4.2 -3.71 -3.934 -4.095 -3.934 -3.983 -3.934 -4.018 -3.976 -4.095 -3.934 -4.2 -3.976 -3.955 -3.71 -4.095 -3.822 -3.71 -3.71 -3.976 -3.71 -3.976 -3.955 -4.018 -3.948 -3.955 -3.71 -3.955 -3.955 -3.976 -3.822 -3.955 -3.71 -4.2 -4.2 -3.948 -4.018 -3.71 -4.2 -3.976 -4.2 -3.71 -3.822 -4.2 -4.095 -3.71 -4.2 -4.095 -3.71 -3.71 -4.2 -3.955 -4.2 -3.71 -3.934 -3.948 -4.2 -3.955 -4.2 -4.2 -3.976 -3.976 -3.71 -3.976 -4.2 -3.822 -3.955 -4.095 -3.955 -3.71 -3.955 -3.822 -4.095 -4.095 -4.018 -3.955 -3.71 -3.71 
0.6 0.53 0.53 0.574 0.562 0.53 0.546 0.53 0.574 0.569 0.6 0.565 0.568 0.53 0.6 0.53 0.562 0.585 0.562 0.569 0.562 0.574 0.568 0.585 0.562 0.6 0.568 0.565 0.53 0.585 0.546 0.53 0.53 0.568 0.53 0.568 0.565 0.574 0.564 0.565 0.53 0.565 0.565 0.568 0.546 0.565 0.53 0.6 0.6 0.564 0.574 0.53 0.6 0.568 0.6 0.53 0.546 0.6 0.585 0.53 0.6 0.585 0.53 0.53 0.6 0.565 0.6 0.53 0.562 0.564 0.6 0.565 0.6 0.6 0.568 0.568 0.53 0.568 0.6 0.546 0.565 0.585 0.565 0.53 0.565 0.546 0.585 0.585 0.574 0.565 0.53 0.53 
202.672 179.25 175.168 172.656 254.43 121.954 197.414 179.25 172.656 145.312 212.67 200.94 129.332 179.25 183.582 121.954 254.43 183.552 254.43 145.312 254.43 172.656 129.332 183.552 254.43 183.582 129.332 200.94 188.559 183.552 197.414 179.25 179.25 129.332 188.559 190.722 200.94 172.656 201.45 190.323 179.25 255.73 190.323 190.722 197.414 190.323 175.168 202.672 202.672 201.45 172.656 188.559 183.582 190.722 202.672 188.559 197.414 202.672 183.552 175.168 202.672 183.552 188.559 121.954 212.67 200.94 212.67 121.954 254.43 201.45 202.672 200.94 212.67 202.672 190.722 190.722 188.559 129.332 212.67 197.414 190.323 183.552 200.94 188.559 200.94 197.414 183.552 183.552 172.656 190.323 121.954 179.25 
-8 -8 -8 -8 -8 -8 -8 -8 -8 -8 -8 -8 -8 -8 -8 -8 -8 -8 -8 -8 -8 -8 -8 -8 -8 -8 -8 -8 -8 -8 -8 -8 -8 -8 -8 -8 -8 -8 -8 -8 -8 -8 -8 -8 -8 -8 -8 -8 -8 -8 -8 -8 -8 -8 -8 -8 -8 -8 -8 -8 -8 -8 -8 -8 -8 -8 -8 -8 -8 -8 -8 -8 -8 -8 -8 -8 -8 -8 -8 -8 -8 -8 -8 -8 -8 -8 -8 -8 -8 -8 -8 -8 
-5.22 -5.22 -5.24 -5.64 -4.86 -5.66 -5.22 -5.22 -5.64 -5.22 -4.9 -4.9 -5.66 -5.22 -5.66 -5.66 -4.86 -5.22 -4.86 -5.22 -4.86 -5.64 -5.66 -5.22 -4.86 -5.66 -5.66 -4.9 -4.89 -5.22 -5.22 -5.22 -5.22 -5.66 -4.89 -5.22 -4.9 -5.64 -4.9 -5.23 -5.22 -5.22 -5.23 -5.22 -5.22 -5.23 -5.24 -5.22 -5.22 -4.9 -5.64 -4.89 -5.66 -5.22 -5.22 -4.89 -5.22 -5.22 -5.22 -5.24 -5.22 -5.22 -4.89 -5.66 -4.9 -4.9 -4.9 -5.66 -4.86 -4.9 -5.22 -4.9 -4.9 -5.22 -5.22 -5.22 -4.89 -5.66 -4.9 -5.22 -5.23 -5.22 -4.9 -4.89 -4.9 -5.22 -5.22 -5.22 -5.64 -5.23 -5.66 -5.22 
48 48 48 48 48 48 48 48 48 48 48 48 48 48 48 48 48 48 48 48 48 48 48 48 48 48 48 48 48 48 48 48 48 48 48 48 48 48 48 48 48 48 48 48 48 48 48 48 48 48 48 48 48 48 48 48 48 48 48 48 48 48 48 48 48 48 48 48 48 48 48 48 48 48 48 48 48 48 48 48 48 48 48 48 48 48 48 48 48 48 48 48 
-78.82 -71.96 -70.84 -71.96 -91.28 -55.72 -77.28 -71.96 -71.96 -62.02 -80.08 -76.86 -58.1 -71.96 -75.6 -55.72 -91.28 -73.22 -91.28 -62.02 -91.28 -71.96 -58.1 -73.22 -91.28 -75.6 -58.1 -76.86 -73.43 -73.22 -77.28 -71.96 -71.96 -58.1 -73.43 -75.32 -76.86 -71.96 -77 -75.25 -71.96 -94.36 -75.25 -75.32 -77.28 -75.25 -70.84 -78.82 -78.82 -77 -71.96 -73.43 -75.6 -75.32 -78.82 -73.43 -77.28 -78.82 -73.22 -70.84 -78.82 -73.22 -73.43 -55.72 -80.08 -76.86 -80.08 -55.72 -91.28 -77 -78.82 -76.86 -80.08 -78.82 -75.32 -75.32 -73.43 -58.1 -80.08 -77.28 -75.25 -73.22 -76.86 -73.43 -76.86 -77.28 -73.22 -73.22 -71.96 -75.25 -55.72 -71.96 
-10.85 -10.85 -2.74 -3.44 -2.73 -2.75 -2.53 -10.85 -3.44 -2.26 -2.39 -10.49 -3.05 4.15 -3.17 -2.75 -2.73 -2.88 -2.73 -2.26 -2.73 -3.44 -3.05 -2.88 -2.73 -3.17 -3.05 -10.49 -2.39 -2.88 -2.53 -10.85 -10.85 -3.05 -2.39 -2.73 4.51 -3.44 -2.37 4.15 4.15 -3.14 4.15 -2.73 -2.53 4.15 -2.74 4.15 4.15 -2.37 -3.44 -2.39 -3.17 -2.73 -10.85 -2.39 -2.53 4.15 -2.88 -2.74 -10.85 -2.88 -2.39 -2.75 -2.39 4.51 -2.39 -2.75 -2.73 -2.37 4.15 4.51 -2.39 4.15 -2.73 -2.73 -2.39 -3.05 -2.39 -2.53 4.15 -2.88 4.51 -2.39 4.51 -2.53 -2.88 -2.88 -3.44 -10.85 -2.75 4.15 
5 5 7.7 7.6 7.7 7.7 7.8 5 7.6 7.7 7.7 5 7.6 10 7.7 7.7 7.7 7.6 7.7 7.7 7.7 7.6 7.6 7.6 7.7 7.7 7.6 5 7.7 7.6 7.8 5 5 7.6 7.7 7.7 10 7.6 7.7 10 10 7.7 10 7.7 7.8 10 7.7 10 10 7.7 7.6 7.7 7.7 7.7 5 7.7 7.8 10 7.6 7.7 5 7.6 7.7 7.7 7.7 10 7.7 7.7 7.7 7.7 10 10 7.7 10 7.7 7.7 7.7 7.6 7.7 7.8 10 7.6 10 7.7 10 7.8 7.6 7.6 7.6 5 7.7 10 
809 809 809 809 809 809 809 809 809 809 809 809 809 809 809 809 809 809 809 809 809 809 809 809 809 809 809 809 809 809 809 809 809 809 809 809 809 809 809 809 809 809 809 809 809 809 809 809 809 809 809 809 809 809 809 809 809 809 809 809 809 809 809 809 809 809 809 809 809 809 809 809 809 809 809 809 809 809 809 809 809 809 809 809 809 809 809 809 809 809 809 809 
10.42 10.28 10.3 10.788 9.984 10.72 10.312 10.28 10.788 10.358 10.1 10.03 10.796 10.28 10.86 10.72 9.984 10.39 9.984 10.358 9.984 10.788 10.796 10.39 9.984 10.86 10.796 10.03 9.95 10.39 10.312 10.28 10.28 10.796 9.95 10.356 10.03 10.788 10.028 10.36 10.28 10.35 10.36 10.356 10.312 10.36 10.3 10.42 10.42 10.028 10.788 9.95 10.86 10.356 10.42 9.95 10.312 10.42 10.39 10.3 10.42 10.39 9.95 10.72 10.1 10.03 10.1 10.72 9.984 10.028 10.42 10.03 10.1 10.42 10.356 10.356 9.95 10.796 10.1 10.312 10.36 10.39 10.03 9.95 10.03 10.312 10.39 10.39 10.788 10.36 10.72 10.28 
39.45 39.75 39.87 35.37 38.79 39.75 39.39 39.6 34.32 45.78 43.62 44.82 39.6 38.55 33.66 40.35 40.44 40.74 39.69 44.73 39.84 35.67 39.45 41.19 38.94 35.31 39.75 42.87 42.87 42.24 38.34 40.2 40.05 40.2 44.07 38.94 43.32 34.17 44.61 39.3 40.05 34.47 40.35 40.29 38.94 40.2 40.17 38.85 39.15 43.11 34.77 43.47 34.86 39.39 39.9 43.92 38.49 40.35 41.79 39.42 38.85 42.54 44.67 40.05 44.37 44.52 44.07 39.6 40.59 44.76 40.5 44.22 42.87 39 39.09 40.44 43.62 40.35 44.82 38.64 39.45 40.89 44.37 43.77 44.07 37.89 41.34 41.49 35.82 39.75 40.5 39.15 
20.385 20.535 20.495 19.845 20.655 19.655 20.835 20.46 19.32 20.61 20.95 21.55 19.58 19.935 19.13 19.955 21.48 20.01 21.105 20.085 21.18 19.995 19.505 20.235 20.73 19.955 19.655 20.575 20.595 20.76 20.31 20.76 20.685 19.88 21.195 20.01 20.8 19.245 21.325 20.29 20.685 20.235 20.815 20.685 20.61 20.74 20.645 20.085 20.235 20.575 19.545 20.895 19.73 20.235 20.61 21.12 20.385 20.835 20.535 20.27 20.085 20.91 21.495 19.805 21.325 21.4 21.175 19.58 21.555 21.4 20.91 21.25 20.575 20.16 20.085 20.76 20.97 19.955 21.55 20.46 20.365 20.085 21.325 21.045 21.175 20.085 20.31 20.385 20.07 20.515 20.03 20.235 
-446.961 -396.463 -381.562 -362.543 -571.47 -256.801 -430.025 -396.463 -362.543 -317.893 -476.727 -456.087 -272.259 -386.463 -384.248 -256.801 -571.47 -400.538 -571.47 -317.893 -571.47 -362.543 -272.259 -400.538 -571.47 -384.248 -272.259 -456.087 -423.578 -400.538 -430.025 -396.463 -396.463 -272.259 -423.578 -415.797 -446.087 -362.543 -451.819 -409.956 -386.463 -555.954 -409.956 -415.797 -430.025 -409.956 -381.562 -436.961 -436.961 -451.819 -362.543 -423.578 -384.248 -415.797 -446.961 -423.578 -430.025 -436.961 -400.538 -381.562 -446.961 -400.538 -423.578 -256.801 -476.727 -446.087 -476.727 -256.801 -571.47 -451.819 -436.961 -446.087 -476.727 -436.961 -415.797 -415.797 -423.578 -272.259 -476.727 -430.025 -409.956 -400.538 -446.087 -423.578 -446.087 -430.025 -400.538 -400.538 -362.543 -419.956 -256.801 -386.463 
33.38 33.31 33.29 32.934 33.702 32.87 33.326 33.31 32.934 33.349 33.7 33.665 32.908 33.31 32.94 32.87 33.702 33.365 33.702 33.349 33.702 32.934 32.908 33.365 33.702 32.94 32.908 33.665 33.64 33.365 33.326 33.31 33.31 32.908 33.64 33.348 33.665 32.934 33.664 33.335 33.31 33.345 33.335 33.348 33.326 33.335 33.29 33.38 33.38 33.664 32.934 33.64 32.94 33.348 33.38 33.64 33.326 33.38 33.365 33.29 33.38 33.365 33.64 32.87 33.7 33.665 33.7 32.87 33.702 33.664 33.38 33.665 33.7 33.38 33.348 33.348 33.64 32.908 33.7 33.326 33.335 33.365 33.665 33.64 33.665 33.326 33.365 33.365 32.934 33.335 32.87 33.31 
11.56 11.56 11.52 10.72 12.28 10.68 11.56 11.56 10.72 11.56 12.2 12.2 10.68 11.56 10.68 10.68 12.28 11.56 12.28 11.56 12.28 10.72 10.68 11.56 12.28 10.68 10.68 12.2 12.22 11.56 11.56 11.56 11.56 10.68 12.22 11.56 12.2 10.72 12.2 11.54 11.56 11.56 11.54 11.56 11.56 11.54 11.52 11.56 11.56 12.2 10.72 12.22 10.68 11.56 11.56 12.22 11.56 11.56 11.56 11.52 11.56 11.56 12.22 10.68 12.2 12.2 12.2 10.68 12.28 12.2 11.56 12.2 12.2 11.56 11.56 11.56 12.22 10.68 12.2 11.56 11.54 11.56 12.2 12.22 12.2 11.56 11.56 11.56 10.72 11.54 10.68 11.56 
-4.76 -5.25 0.0800002 0.16 1.35 -0.79 0.73 -5.25 0.16 -0.56 0.57 -5.06 -0.82 4.75 0.63 -0.79 1.35 0.0399997 1.35 -0.56 1.35 0.16 -0.82 0.0399997 1.35 0.63 -0.82 -5.06 0.0900002 0.0399997 0.73 -5.25 -5.25 -0.82 0.0900002 0.39 4.94 0.16 0.35 4.99 4.75 1.75 4.99 0.39 0.73 4.99 0.0800002 5.24 5.24 0.35 0.16 0.0900002 0.63 0.39 -4.76 0.0900002 0.73 5.24 0.0399997 0.0800002 -4.76 0.0399997 0.0900002 -0.79 0.57 4.94 0.57 -0.79 1.35 0.35 5.24 4.94 0.57 5.24 0.39 0.39 0.0900002 -0.82 0.57 0.73 4.99 0.0399997 4.94 0.0900002 4.94 0.73 0.0399997 0.0399997 0.16 -5.01 -0.79 4.75 
-14.24 -13.75 -13.68 -13.96 -14.95 -12.81 -14.13 -13.75 -13.96 -13.04 -14.17 -13.94 -12.98 -13.75 -14.23 -12.81 -14.95 -13.84 -14.95 -13.04 -14.95 -13.96 -12.98 -13.84 -14.95 -14.23 -12.98 -13.94 -13.69 -13.84 -14.13 -13.75 -13.75 -12.98 -13.69 -13.99 -13.94 -13.96 -13.95 -13.99 -13.75 -15.35 -13.99 -13.99 -14.13 -13.99 -13.68 -14.24 -14.24 -13.95 -13.96 -13.69 -14.23 -13.99 -14.24 -13.69 -14.13 -14.24 -13.84 -13.68 -14.24 -13.84 -13.69 -12.81 -14.17 -13.94 -14.17 -12.81 -14.95 -13.95 -14.24 -13.94 -14.17 -14.24 -13.99 -13.99 -13.69 -12.98 -14.17 -14.13 -13.99 -13.84 -13.94 -13.69 -13.94 -14.13 -13.84 -13.84 -13.96 -13.99 -12.81 -13.75 
3.5405 2.9515 2.938 2.1 5.6225 2.6545 1.7735 3.246 4.088 2.657 4.075 1.655 2.938 5.3075 4.639 1.5205 2.284 5.013 3.8015 4.7185 3.498 1.532 3.2215 4.1295 5.319 1.5205 2.6545 5.5875 5.59625 2.068 3.835 2.068 2.3625 1.804 3.17425 5.013 4.68 4.372 2.5625 3.8275 2.3625 4.1295 1.76775 2.3625 2.657 2.062 2.35 4.7185 4.1295 5.5875 3.236 4.38525 2.371 4.1295 2.657 3.477 3.5405 1.7735 2.9515 3.82 4.7185 1.479 1.96325 2.0875 2.5625 2.26 3.1675 2.938 1.9805 2.26 1.479 2.865 5.5875 4.424 4.7185 2.068 4.0825 1.5205 1.655 3.246 3.53325 4.7185 2.5625 3.77975 3.1675 4.7185 3.835 3.5405 1.248 2.94475 1.237 4.1295 
-4.725 -4.675 -4.675 -4.625 -4.875 -4.675 -4.575 -4.7 -4.8 -4.65 -4.75 -4.55 -4.7 -4.875 -4.85 -4.575 -4.6 -4.85 -4.725 -4.825 -4.7 -4.575 -4.725 -4.775 -4.85 -4.575 -4.675 -4.875 -4.875 -4.6 -4.75 -4.6 -4.625 -4.6 -4.675 -4.85 -4.8 -4.825 -4.625 -4.75 -4.625 -4.775 -4.575 -4.625 -4.65 -4.6 -4.625 -4.825 -4.775 -4.875 -4.725 -4.775 -4.65 -4.775 -4.65 -4.7 -4.725 -4.575 -4.675 -4.75 -4.825 -4.55 -4.575 -4.625 -4.625 -4.6 -4.675 -4.7 -4.575 -4.6 -4.55 -4.65 -4.875 -4.8 -4.825 -4.6 -4.75 -4.575 -4.55 -4.7 -4.725 -4.825 -4.625 -4.725 -4.675 -4.825 -4.75 -4.725 -4.55 -4.675 -4.55 -4.775 
2.64 2.22 2.15 2.386 3.388 1.28 2.584 2.22 2.386 1.471 2.57 2.375 1.412 2.22 2.63 1.28 3.388 2.255 3.388 1.471 3.388 2.386 1.412 2.255 3.388 2.63 1.412 2.375 2.16 2.255 2.584 2.22 2.22 1.412 2.16 2.422 2.375 2.386 2.386 2.425 2.22 3.785 2.425 2.422 2.584 2.425 2.15 2.64 2.64 2.386 2.386 2.16 2.63 2.422 2.64 2.16 2.584 2.64 2.255 2.15 2.64 2.255 2.16 1.28 2.57 2.375 2.57 1.28 3.388 2.386 2.64 2.375 2.57 2.64 2.422 2.422 2.16 1.412 2.57 2.584 2.425 2.255 2.375 2.16 2.375 2.584 2.255 2.255 2.386 2.425 1.28 2.22 
-0.6 -0.53 -0.53 -0.574 -0.562 -0.53 -0.546 -0.53 -0.574 -0.569 -0.6 -0.565 -0.568 -0.53 -0.6 -0.53 -0.562 -0.585 -0.562 -0.569 -0.562 -0.574 -0.568 -0.585 -0.562 -0.6 -0.568 -0.565 -0.53 -0.585 -0.546 -0.53 -0.53 -0.568 -0.53 -0.568 -0.565 -0.574 -0.564 -0.565 -0.53 -0.565 -0.565 -0.568 -0.546 -0.565 -0.53 -0.6 -0.6 -0.564 -0.574 -0.53 -0.6 -0.568 -0.6 -0.53 -0.546 -0.6 -0.585 -0.53 -0.6 -0.585 -0.53 -0.53 -0.6 -0.565 -0.6 -0.53 -0.562 -0.564 -0.6 -0.565 -0.6 -0.6 -0.568 -0.568 -0.53 -0.568 -0.6 -0.546 -0.565 -0.585 -0.565 -0.53 -0.565 -0.546 -0.585 -0.585 -0.574 -0.565 -0.53 -0.53 
-30 -30 -13.8 -14.4 -13.8 -13.8 -13.2 -30 -14.4 -13.8 -13.8 -30 -14.4 0 -13.8 -13.8 -13.8 -14.4 -13.8 -13.8 -13.8 -14.4 -14.4 -14.4 -13.8 -13.8 -14.4 -30 -13.8 -14.4 -13.2 -30 -30 -14.4 -13.8 -13.8 0 -14.4 -13.8 0 0 -13.8 0 -13.8 -13.2 0 -13.8 0 0 -13.8 -14.4 -13.8 -13.8 -13.8 -30 -13.8 -13.2 0 -14.4 -13.8 -30 -14.4 -13.8 -13.8 -13.8 0 -13.8 -13.8 -13.8 -13.8 0 0 -13.8 0 -13.8 -13.8 -13.8 -14.4 -13.8 -13.2 0 -14.4 0 -13.8 0 -13.2 -14.4 -14.4 -14.4 -30 -13.8 0 
-42.4 -37.5 -36.8 -39.6 -49.5 -28.1 -41.3 -37.5 -39.6 -30.4 -41.7 -39.4 -29.8 -37.5 -42.3 -28.1 -49.5 -38.4 -49.5 -30.4 -49.5 -39.6 -29.8 -38.4 -49.5 -42.3 -29.8 -39.4 -36.9 -38.4 -41.3 -37.5 -37.5 -29.8 -36.9 -39.9 -39.4 -39.6 -39.5 -39.9 -37.5 -53.5 -39.9 -39.9 -41.3 -39.9 -36.8 -42.4 -42.4 -39.5 -39.6 -36.9 -42.3 -39.9 -42.4 -36.9 -41.3 -42.4 -38.4 -36.8 -42.4 -38.4 -36.9 -28.1 -41.7 -39.4 -41.7 -28.1 -49.5 -39.5 -42.4 -39.4 -41.7 -42.4 -39.9 -39.9 -36.9 -29.8 -41.7 -41.3 -39.9 -38.4 -39.4 -36.9 -39.4 -41.3 -38.4 -38.4 -39.6 -39.9 -28.1 -37.5 
-1 -1 -1 -1 -1 -1 -1 -1 -1 -1 -1 -1 -1 -1 -1 -1 -1 -1 -1 -1 -1 -1 -1 -1 -1 -1 -1 -1 -1 -1 -1 -1 -1 -1 -1 -1 -1 -1 -1 -1 -1 -1 -1 -1 -1 -1 -1 -1 -1 -1 -1 -1 -1 -1 -1 -1 -1 -1 -1 -1 -1 -1 -1 -1 -1 -1 -1 -1 -1 -1 -1 -1 -1 -1 -1 -1 -1 -1 -1 -1 -1 -1 -1 -1 -1 -1 -1 -1 -1 -1 -1 -1 
1 1.35 1.35 1.13 1.19 1.35 1.27 1.35 1.13 1.155 1 1.175 1.16 1.35 1 1.35 1.19 1.075 1.19 1.155 1.19 1.13 1.16 1.075 1.19 1 1.16 1.175 1.35 1.075 1.27 1.35 1.35 1.16 1.35 1.16 1.175 1.13 1.18 1.175 1.35 1.175 1.175 1.16 1.27 1.175 1.35 1 1 1.18 1.13 1.35 1 1.16 1 1.35 1.27 1 1.075 1.35 1 1.075 1.35 1.35 1 1.175 1 1.35 1.19 1.18 1 1.175 1 1 1.16 1.16 1.35 1.16 1 1.27 1.175 1.075 1.175 1.35 1.175 1.27 1.075 1.075 1.13 1.175 1.35 1.35 
-6.85 -6.95 11.849 10.032 11.203 11.815 12.582 -6.9 9.472 13.566 12.784 -7.92 11.04 26.2 9.792 12.155 12.138 11.104 11.713 12.971 11.798 10.192 10.96 11.344 11.288 10.727 11.12 -7.27 12.359 11.904 11.952 -7.1 -7.05 11.36 13.039 11.288 29.68 9.392 13.277 27.2 28.2 10.149 28.6 12.053 12.312 28.4 12.019 26.6 27 12.427 9.712 12.699 10.472 11.543 -7 12.954 12.042 28.6 11.664 11.594 -6.65 12.064 13.379 11.985 13.209 31.28 13.039 11.73 12.223 13.362 28.8 30.88 12.359 26.8 11.373 12.138 12.784 11.44 13.464 12.132 27.4 11.184 31.08 12.869 30.68 11.682 11.424 11.504 10.272 -6.95 12.24 27 
-8.4 -8.47 -8.47 -8.426 -8.438 -8.47 -8.454 -8.47 -8.426 -8.431 -8.4 -8.435 -8.432 -8.47 -8.4 -8.47 -8.438 -8.415 -8.438 -8.431 -8.438 -8.426 -8.432 -8.415 -8.438 -8.4 -8.432 -8.435 -8.47 -8.415 -8.454 -8.47 -8.47 -8.432 -8.47 -8.432 -8.435 -8.426 -8.436 -8.435 -8.47 -8.435 -8.435 -8.432 -8.454 -8.435 -8.47 -8.4 -8.4 -8.436 -8.426 -8.47 -8.4 -8.432 -8.4 -8.47 -8.454 -8.4 -8.415 -8.47 -8.4 -8.415 -8.47 -8.47 -8.4 -8.435 -8.4 -8.47 -8.438 -8.436 -8.4 -8.435 -8.4 -8.4 -8.432 -8.432 -8.47 -8.432 -8.4 -8.454 -8.435 -8.415 -8.435 -8.47 -8.435 -8.454 -8.415 -8.415 -8.426 -8.435 -8.47 -8.47 
18.78 18.78 18.76 18.36 19.14 18.34 18.78 18.78 18.36 18.78 19.1 19.1 18.34 18.78 18.34 18.34 19.14 18.78 19.14 18.78 19.14 18.36 18.34 18.78 19.14 18.34 18.34 19.1 19.11 18.78 18.78 18.78 18.78 18.34 19.11 18.78 19.1 18.36 19.1 18.77 18.78 18.78 18.77 18.78 18.78 18.77 18.76 18.78 18.78 19.1 18.36 19.11 18.34 18.78 18.78 19.11 18.78 18.78 18.78 18.76 18.78 18.78 19.11 18.34 19.1 19.1 19.1 18.34 19.14 19.1 18.78 19.1 19.1 18.78 18.78 18.78 19.11 18.34 19.1 18.78 18.77 18.78 19.1 19.11 19.1 18.78 18.78 18.78 18.36 18.77 18.34 18.78 
64.75 64.75 27.488 28.304 28.352 26.532 26.246 64.75 28.304 27.054 27.92 65.99 27.866 -4.15 26.952 26.532 28.352 28.752 28.352 27.054 28.352 28.304 27.866 28.752 28.352 26.952 27.866 65.99 27.943 28.752 26.246 64.75 64.75 27.866 27.943 27.524 -4.51 28.304 27.9 -4.15 -4.15 27.934 -4.15 27.524 26.246 -4.15 27.488 -4.15 -4.15 27.9 28.304 27.943 26.952 27.524 64.75 27.943 26.246 -4.15 28.752 27.488 64.75 28.752 27.943 26.532 27.92 -4.51 27.92 26.532 28.352 27.9 -4.15 -4.51 27.92 -4.15 27.524 27.524 27.943 27.866 27.92 26.246 -4.15 28.752 -4.51 27.943 -4.51 26.246 28.752 28.752 28.304 64.7 26.532 -4.15 
98.38 91.688 91.296 87.2928 102.034 83.064 93.2176 91.688 87.2928 95.4164 105.1 101.53 86.3624 91.688 89.14 83.064 102.034 96.946 102.034 95.4164 102.034 87.2928 86.3624 96.946 102.034 89.14 86.3624 101.53 98.156 96.946 93.2176 91.688 91.688 86.3624 98.156 95.3208 101.53 87.2928 101.428 94.831 91.688 95.034 94.831 95.3208 93.2176 94.831 91.296 98.38 98.38 101.428 87.2928 98.156 89.14 95.3208 98.38 98.156 93.2176 98.38 96.946 91.296 98.38 96.946 98.156 83.064 105.1 101.53 105.1 83.064 102.034 101.428 98.38 101.53 105.1 98.38 95.3208 95.3208 98.156 86.3624 105.1 93.2176 94.831 96.946 101.53 98.156 101.53 93.2176 96.946 96.946 87.2928 94.831 83.064 91.688 
93.018 71.2562 68.292 83.833 124.656 36.3967 90.8108 70.7875 80.368 42.828 87.507 80.683 42.072 67.5062 92.087 37.8017 131.462 71.908 128.369 40.168 128.987 84.823 41.6995 73.348 125.275 97.9033 42.4445 74.2805 63.2868 76.708 87.197 72.6625 72.1937 43.562 66.9767 78.643 75.758 79.873 79.6687 80.688 72.1937 151.981 84.1792 83.1317 89.262 83.6805 69.212 90.898 91.958 74.7312 81.853 65.1318 96.317 80.1392 94.608 66.5155 87.7133 96.198 75.268 66.912 90.898 77.668 68.8218 37.0993 90.1133 79.698 89.0707 36.0455 132.081 80.1625 96.728 78.713 84.9007 91.428 79.1417 83.6305 65.593 43.9345 91.677 88.2295 81.1867 72.388 79.2055 66.0543 78.2205 85.6483 73.828 74.308 85.318 82.1842 38.153 69.3812 
-6.421 -6.4375 -3.7046 -3.71196 -4.3431 -3.2957 -3.65002 -6.4625 -3.88696 -3.26024 -3.718 -6.2639 -3.38736 -1.6375 -3.842 -3.1957 -4.0681 -3.8436 -4.1931 -3.43524 -4.1681 -3.66196 -3.41236 -3.7686 -4.3181 -3.567 -3.36236 -6.5889 -3.9093 -3.5936 -3.82502 -6.3625 -6.3875 -3.28736 -3.7093 -3.87368 -1.5139 -3.91196 -3.6472 -1.48565 -1.3875 -4.40225 -1.31065 -3.64868 -3.72502 -1.33565 -3.6546 -1.521 -1.471 -3.8972 -3.81196 -3.8093 -3.642 -3.79868 -6.346 -3.7343 -3.80002 -1.271 -3.6686 -3.7796 -6.521 -3.5436 -3.6093 -3.2457 -3.593 -1.3139 -3.643 -3.3207 -4.0431 -3.6222 -1.246 -1.3639 -3.843 -1.496 -3.84868 -3.62368 -3.7843 -3.26236 -3.518 -3.77502 -1.46065 -3.8186 -1.3389 -3.7593 -1.3889 -3.90002 -3.7436 -3.7186 -3.63696 -6.41065 -3.1707 -1.5375 
4.1645 4.4035 4.387 4.875 3.4725 4.2605 4.9615 4.284 4.112 4.033 3.765 4.785 4.152 3.4475 3.921 4.6945 4.886 3.397 4.2435 3.1965 4.372 5.093 4.0435 3.7555 3.601 5.1145 4.2605 3.1275 3.12875 4.592 4.125 4.762 4.6425 4.586 4.15075 3.547 3.51 4.003 4.3825 4.0425 4.6425 4.3155 4.87725 4.6225 4.603 4.758 4.625 3.6865 3.9255 3.1075 4.439 3.63975 4.789 3.9055 4.523 4.023 4.2445 4.8815 4.2335 4.03 3.6865 4.831 4.66175 4.4775 4.4025 4.53 4.1475 4.152 5.0145 4.51 5.001 4.275 3.1275 3.806 3.6665 4.742 3.7675 4.6945 4.785 4.364 4.16175 3.5165 4.4025 3.89525 4.1475 3.7665 3.875 3.9945 5.202 4.40025 4.803 3.9255 
-7.4 -7.47 -7.47 -7.426 -7.438 -7.47 -7.454 -7.47 -7.426 -7.431 -7.4 -7.435 -7.432 -7.47 -7.4 -7.47 -7.438 -7.415 -7.438 -7.431 -7.438 -7.426 -7.432 -7.415 -7.438 -7.4 -7.432 -7.435 -7.47 -7.415 -7.454 -7.47 -7.47 -7.432 -7.47 -7.432 -7.435 -7.426 -7.436 -7.435 -7.47 -7.435 -7.435 -7.432 -7.454 -7.435 -7.47 -7.4 -7.4 -7.436 -7.426 -7.47 -7.4 -7.432 -7.4 -7.47 -7.454 -7.4 -7.415 -7.47 -7.4 -7.415 -7.47 -7.47 -7.4 -7.435 -7.4 -7.47 -7.438 -7.436 -7.4 -7.435 -7.4 -7.4 -7.432 -7.432 -7.47 -7.432 -7.4 -7.454 -7.435 -7.415 -7.435 -7.47 -7.435 -7.454 -7.415 -7.415 -7.426 -7.435 -7.47 -7.47 
13.78 13.78 13.76 13.36 14.14 13.34 13.78 13.78 13.36 13.78 14.1 14.1 13.34 13.78 13.34 13.34 14.14 13.78 14.14 13.78 14.14 13.36 13.34 13.78 14.14 13.34 13.34 14.1 14.11 13.78 13.78 13.78 13.78 13.34 14.11 13.78 14.1 13.36 14.1 13.77 13.78 13.78 13.77 13.78 13.78 13.77 13.76 13.78 13.78 14.1 13.36 14.11 13.34 13.78 13.78 14.11 13.78 13.78 13.78 13.76 13.78 13.78 14.11 13.34 14.1 14.1 14.1 13.34 14.14 14.1 13.78 14.1 14.1 13.78 13.78 13.78 14.11 13.34 14.1 13.78 13.77 13.78 14.1 14.11 14.1 13.78 13.78 13.78 13.36 13.77 13.34 13.78 
3.64 3.22 3.15 3.386 4.388 2.28 3.584 3.22 3.386 2.471 3.57 3.375 2.412 3.22 3.63 2.28 4.388 3.255 4.388 2.471 4.388 3.386 2.412 3.255 4.388 3.63 2.412 3.375 3.16 3.255 3.584 3.22 3.22 2.412 3.16 3.422 3.375 3.386 3.386 3.425 3.22 4.785 3.425 3.422 3.584 3.425 3.15 3.64 3.64 3.386 3.386 3.16 3.63 3.422 3.64 3.16 3.584 3.64 3.255 3.15 3.64 3.255 3.16 2.28 3.57 3.375 3.57 2.28 4.388 3.386 3.64 3.375 3.57 3.64 3.422 3.422 3.16 2.412 3.57 3.584 3.425 3.255 3.375 3.16 3.375 3.584 3.255 3.255 3.386 3.425 2.28 3.22 
6 6 6 6 6 6 6 6 6 6 6 6 6 6 6 6 6 6 6 6 6 6 6 6 6 6 6 6 6 6 6 6 6 6 6 6 6 6 6 6 6 6 6 6 6 6 6 6 6 6 6 6 6 6 6 6 6 6 6 6 6 6 6 6 6 6 6 6 6 6 6 6 6 6 6 6 6 6 6 6 6 6 6 6 6 6 6 6 6 6 6 6 
-782.28 -581.25 -256.459 -305.078 -535.095 -139.601 -298.021 -590.625 -338.342 -163.613 -351.99 -598.88 -170.218 0 -382.35 -126.675 -472.477 -326.246 -500.94 -188.085 -495.247 -295.574 -173.794 -312.422 -529.402 -328.84 -166.642 -726.93 -291.953 -280.166 -329.822 -553.125 -562.5 -155.914 -258.005 -338.631 0 -343.094 -290.72 0 0 -602.945 0 -297.335 -311.65 0 -247.995 0 0 -336.145 -324.086 -274.979 -343.434 -324.866 -750.48 -262.248 -325.279 0 -293.99 -269.155 -824.68 -270.95 -241.031 -133.138 -328.012 0 -337.603 -142.832 -466.785 -286.177 0 0 -375.967 0 -334.043 -292.746 -270.735 -152.338 -313.626 -320.736 0 -321.638 0 -266.492 0 -343.451 -307.814 -303.206 -290.822 -666.33 -123.443 0 
-0.33 -0.52 -0.52 -0.75 0 -0.52 -1.02 -0.42 -0.12 -0.63 -0.25 -1.17 -0.42 0 -0.03 -1.02 -0.88 -0.03 -0.33 -0.07 -0.42 -1.02 -0.33 -0.18 -0.03 -1.02 -0.52 0 0 -0.88 -0.25 -0.88 -0.75 -0.88 -0.52 -0.03 -0.12 -0.07 -0.75 -0.25 -0.75 -0.18 -1.02 -0.75 -0.63 -0.88 -0.75 -0.07 -0.18 0 -0.33 -0.18 -0.63 -0.18 -0.63 -0.42 -0.33 -1.02 -0.52 -0.25 -0.07 -1.17 -1.02 -0.75 -0.75 -0.88 -0.52 -0.42 -1.02 -0.88 -1.17 -0.63 0 -0.12 -0.07 -0.88 -0.25 -1.02 -1.17 -0.42 -0.33 -0.07 -0.75 -0.33 -0.52 -0.07 -0.25 -0.33 -1.17 -0.52 -1.17 -0.18 
-7 -7 -7 -7 -7 -7 -7 -7 -7 -7 -7 -7 -7 -7 -7 -7 -7 -7 -7 -7 -7 -7 -7 -7 -7 -7 -7 -7 -7 -7 -7 -7 -7 -7 -7 -7 -7 -7 -7 -7 -7 -7 -7 -7 -7 -7 -7 -7 -7 -7 -7 -7 -7 -7 -7 -7 -7 -7 -7 -7 -7 -7 -7 -7 -7 -7 -7 -7 -7 -7 -7 -7 -7 -7 -7 -7 -7 -7 -7 -7 -7 -7 -7 -7 -7 -7 -7 -7 -7 -7 -7 -7 
-97.65 -97.65 -73.26 -77.76 -73.17 -73.35 -73.17 -97.65 -77.76 -68.94 -70.11 -94.41 -74.25 -52.65 -77.13 -73.35 -73.17 -72.72 -73.17 -68.94 -73.17 -77.76 -74.25 -72.72 -73.17 -77.13 -74.25 -94.41 -70.11 -72.72 -73.17 -97.65 -97.65 -74.25 -70.11 -73.17 -49.41 -77.76 -69.93 -52.65 -52.65 -76.86 -52.65 -73.17 -73.17 -52.65 -73.26 -52.65 -52.65 -69.93 -77.76 -70.11 -77.13 -73.17 -97.65 -70.11 -73.17 -52.65 -72.72 -73.26 -97.65 -72.72 -70.11 -73.35 -70.11 -49.41 -70.11 -73.35 -73.17 -69.93 -52.65 -49.41 -70.11 -52.65 -73.17 -73.17 -70.11 -74.25 -70.11 -73.17 -52.65 -72.72 -49.41 -70.11 -49.41 -73.17 -72.72 -72.72 -77.76 -97.65 -73.35 -52.65 
-13.375 -13.275 -13.275 -13.745 -12.435 -13.275 -13.855 -13.15 -12.87 -13.595 -13.25 -14.075 -13.34 -12.275 -12.75 -13.775 -13.81 -12.675 -13.185 -12.72 -13.31 -13.995 -13.215 -13.05 -12.56 -14.125 -13.465 -12.45 -12.275 -13.925 -12.98 -13.65 -13.525 -13.84 -13.275 -12.59 -12.825 -12.745 -13.695 -13.075 -13.525 -12.95 -13.95 -13.715 -13.48 -13.825 -13.525 -12.875 -13.125 -12.445 -13.245 -12.775 -13.75 -12.965 -13.75 -13.15 -13.105 -14.125 -13.55 -12.9 -12.875 -14.175 -13.775 -13.525 -13.875 -13.825 -13.625 -13.15 -13.935 -13.82 -14.25 -13.575 -12.625 -13 -12.715 -13.84 -12.9 -13.965 -14.25 -13.23 -13.2 -12.8 -13.7 -13.025 -13.45 -12.605 -13.175 -13.3 -14.12 -13.45 -13.9 -12.775 
-4.4 -4.47 -1.77 -1.826 -1.738 -1.77 -1.654 -4.47 -1.826 -1.731 -1.7 -4.435 -1.832 0.53 -1.7 -1.77 -1.738 -1.815 -1.738 -1.731 -1.738 -1.826 -1.832 -1.815 -1.738 -1.7 -1.832 -4.435 -1.77 -1.815 -1.654 -4.47 -4.47 -1.832 -1.77 -1.732 0.565 -1.826 -1.736 0.565 0.53 -1.735 0.565 -1.732 -1.654 0.565 -1.77 0.6 0.6 -1.736 -1.826 -1.77 -1.7 -1.732 -4.4 -1.77 -1.654 0.6 -1.815 -1.77 -4.4 -1.815 -1.77 -1.77 -1.7 0.565 -1.7 -1.77 -1.738 -1.736 0.6 0.565 -1.7 0.6 -1.732 -1.732 -1.77 -1.832 -1.7 -1.654 0.565 -1.815 0.565 -1.77 0.565 -1.654 -1.815 -1.815 -1.826 -4.435 -1.77 0.53 
-3.78 -3.78 -3.76 -3.36 -4.14 -3.34 -3.78 -3.78 -3.36 -3.78 -4.1 -4.1 -3.34 -3.78 -3.34 -3.34 -4.14 -3.78 -4.14 -3.78 -4.14 -3.36 -3.34 -3.78 -4.14 -3.34 -3.34 -4.1 -4.11 -3.78 -3.78 -3.78 -3.78 -3.34 -4.11 -3.78 -4.1 -3.36 -4.1 -3.77 -3.78 -3.78 -3.77 -3.78 -3.78 -3.77 -3.76 -3.78 -3.78 -4.1 -3.36 -4.11 -3.34 -3.78 -3.78 -4.11 -3.78 -3.78 -3.78 -3.76 -3.78 -3.78 -4.11 -3.34 -4.1 -4.1 -4.1 -3.34 -4.14 -4.1 -3.78 -4.1 -4.1 -3.78 -3.78 -3.78 -4.11 -3.34 -4.1 -3.78 -3.77 -3.78 -4.1 -4.11 -4.1 -3.78 -3.78 -3.78 -3.36 -3.77 -3.34 -3.78 
-49.6816 -40.8 -39.6128 -44.5946 -62.8344 -25.6754 -47.4819 -40.8 -44.5946 -29.3314 -48.4209 -44.2097 -28.393 -40.8 -49.5009 -25.6754 -62.8344 -42.552 -62.8344 -29.3314 -62.8344 -44.5946 -28.393 -42.552 -62.8344 -49.5009 -28.393 -44.2097 -39.7818 -42.552 -47.4819 -40.8 -40.8 -28.393 -39.7818 -45.0964 -44.2097 -44.5946 -44.3803 -45.0844 -40.8 -70.7952 -45.0844 -45.0964 -47.4819 -45.0844 -39.6128 -49.6816 -49.6816 -44.3803 -44.5946 -39.7818 -49.5009 -45.0964 -49.6816 -39.7818 -47.4819 -49.6816 -42.552 -39.6128 -49.6816 -42.552 -39.7818 -25.6754 -48.4209 -44.2097 -48.4209 -25.6754 -62.8344 -44.3803 -49.6816 -44.2097 -48.4209 -49.6816 -45.0964 -45.0964 -39.7818 -28.393 -48.4209 -47.4819 -45.0844 -42.552 -44.2097 -39.7818 -44.2097 -47.4819 -42.552 -42.552 -44.5946 -45.0844 -25.6754 -40.8 
