148.0 0.0 182.0 181.0 15.0 839.0 884.0 28.0 15.520105
251.37 0.0 118.27 192.94 5.75 1043.6 754.3 100.0 40.148187
349.0 0.0 0.0 192.0 0.0 1047.0 806.0 3.0 14.989208
194.68 0.0 100.52 165.62 7.48 1006.4 905.9 14.0 24.98661
480.0 0.0 0.0 192.0 0.0 936.2 712.2 3.0 24.404692
210.7 316.1 0.0 185.7 0.0 977.0 689.3 7.0 21.819847
236.0 0.0 0.0 193.0 0.0 968.0 885.0 180.0 24.104081
322.2 0.0 115.6 196.0 10.4 817.9 813.4 28.0 31.178794
252.0 0.0 0.0 185.0 0.0 1111.0 784.0 28.0 19.691435
350.0 0.0 0.0 203.0 0.0 974.0 775.0 14.0 22.532076
475.0 0.0 0.0 228.0 0.0 932.0 594.0 90.0 42.229026
159.8 250.0 0.0 168.4 12.2 1049.3 688.2 28.0 39.455954
446.0 24.0 79.0 162.0 11.64 967.0 712.0 7.0 38.017707
359.0 19.0 141.0 154.0 10.91 942.0 801.0 56.0 66.780675
165.0 0.02 143.57 163.81 0.0 1005.6 900.9 100.0 37.955654
236.0 0.0 0.0 194.0 0.0 968.0 885.0 90.0 21.946021
339.0 0.0 0.0 185.0 0.0 1060.0 754.0 28.0 31.646948
167.95 42.08 163.83 121.75 5.72 1058.7 780.11 28.0 24.241976
255.0 0.0 0.0 192.0 0.0 889.8 945.0 28.0 18.746163
194.68 0.0 100.52 165.62 7.48 1006.4 905.9 100.0 37.34202
133.0 200.0 0.0 192.0 0.0 927.4 839.2 7.0 13.664035
289.0 0.0 0.0 192.0 0.0 913.2 895.3 90.0 32.068218
277.0 0.0 0.0 191.0 0.0 968.0 856.0 14.0 21.26344
152.0 178.0 139.0 168.0 18.0 944.0 695.0 28.0 36.349175
387.0 20.0 94.0 157.0 11.61 938.0 845.0 3.0 34.770275
133.0 210.0 0.0 196.0 3.0 949.0 795.0 28.0 31.02642
356.0 119.0 0.0 160.0 9.03 1061.0 657.0 28.0 58.998461
218.23 54.64 123.78 140.75 11.91 1075.7 792.67 14.0 35.956173
331.0 0.0 0.0 192.0 0.0 978.0 825.0 90.0 37.231704
190.68 0.0 125.4 162.14 7.77 1090.0 804.01 14.0 21.063492
122.6 183.9 0.0 203.5 0.0 958.2 800.1 28.0 24.290929
326.5 0.0 137.9 199.0 10.8 801.1 792.5 28.0 38.630651