669030
1.01462e+06
641832
721508
875974
920288
896323
868738
891319
868890
725956
1.02658e+06
868720
868605
702607
777856
935024
956537
1.04617e+06
979500
835970
755495
1.12569e+06
1.00019e+06
1.05773e+06
888727
675954
1.01462e+06
1.11517e+06
1.15569e+06
934967
934967
641409
954584
782981
892470
932099
879771
868652
1.06078e+06
641631
875200
896641
1.01182e+06
1.09728e+06
888727
904450
892425
1.26548e+06
772694
725956
752240
932099
896323
948780
1.09604e+06
892470
675595
955859
1.01139e+06
670907
892425
1.11445e+06
1.05068e+06
709038
1.01481e+06
992017
1.12092e+06
680855
671004
923912
868842
1.15844e+06
1.26543e+06
868700
1.00425e+06
957452
1.08924e+06
839316
918432
1.10252e+06
725881
1.26543e+06
1.12725e+06
1.12249e+06
934967
726067
1.12725e+06
697361
942915
852585
1.18823e+06
958658
1.11318e+06
935328
932181
1.02505e+06
1.01278e+06
932936
771691
1.23891e+06
868776
895021
1.09624e+06
770988
1.26543e+06
1.18117e+06
1.11517e+06
901619
956537
948525
1.26548e+06
1.10996e+06
1.11445e+06
771358
1.0002e+06
933143
860322
868842
1.04734e+06
896323
1.01139e+06
777241
1.00707e+06
947703
892470
895966
741423
957452
1.16438e+06
726067
1.13608e+06
1.1161e+06
932181
936101
972020
675595
868842
934967
1.16369e+06
934967
773817
868700
918432
1.0506e+06
688949
1.13651e+06
801153
1.01278e+06
1.01462e+06
1.04469e+06
1.26552e+06
908619
879771
1.04617e+06
1.17731e+06
1.00385e+06
1.18117e+06
1.14296e+06
852137
1.13651e+06
751915
726001
702914
900544
739857
1.09787e+06
868748
726001
1.00707e+06
937176
725962
1.00922e+06
1.08167e+06
828004
1.11012e+06
1.18383e+06
892425
892425
662998
754800
884719
868890
975737
923746
1.08924e+06
1.26552e+06
1.0289e+06
726067
657780
684188
1.01182e+06
1.10743e+06
1.15719e+06
725881
1.12363e+06
1.15569e+06
913697
868605
868700
934967
1.05773e+06
675596
1.18823e+06
1.01282e+06
675596
1.26552e+06
1.18117e+06
1.10743e+06
1.16369e+06
818027
1.00004e+06
817363
1.05982e+06
935400
948760
946099
928343
1.01481e+06
1.18117e+06
737738
1.26548e+06
868747
996581
1.01259e+06
1.13651e+06
693349
1.12725e+06
1.09728e+06
892425
867184
996149
868748
726067
779895
876374
1.09604e+06
1.16828e+06
1.19123e+06
641409
1.10252e+06
868843
868700
900544
996149
824530
887313
868720
1.12249e+06
1.08282e+06
1.01139e+06
876000
1.01278e+06
752080
1.08924e+06
717671
1.1161e+06
1.04617e+06
725881
817362
909188
984280
1.16438e+06
1.12092e+06
857628
868814
975737
948780
755205
725953
935400
1.01259e+06
887574
1.06689e+06
940974
886742
1.00385e+06
720999
1.0289e+06
694014
934967
868814
868814
1.08306e+06
880518
934967
879771
868776
937079
947703
934967
952036
857628
867184
852171
1.05773e+06
884719
1.01484e+06
769360
892425
1.16828e+06
1.21011e+06
946099
1.23577e+06
725953
1.08921e+06
1.04617e+06
1.08921e+06
879771
